data_weather/step_39.json
{"header": {"nx": 220, "ny": 225, "lo1": 11.000000000000096, "la1": 39.480000000000906, "lo2": 16.475000000000172, "la2": 35.000000000000206, "dx": 0.025000000000000355, "dy": 0.020000000000003126, "scanMode": 0, "refTime": "2026-02-04T15:00:00.000Z", "parameterCategory": 2, "parameterNumber": 2}, "data":
[rows 63 to 83 of 225, columns 0 to 47 of 220]
9.199999809265137,9.199999809265137,9.199999809265137,9.300000190734863,9.600000381469727,9.800000190734863,9.899999618530273,9.800000190734863,9.600000381469727,9.5,9.5,9.699999809265137,9.800000190734863,10.199999809265137,10.5,11.100000381469727,11.699999809265137,12.399999618530273,12.899999618530273,12.899999618530273,12.300000190734863,11.699999809265137,11.300000190734863,11.300000190734863,11.399999618530273,11.5,11.5,11.399999618530273,11.399999618530273,11.399999618530273,11.600000381469727,11.600000381469727,11.5,11.5,11.699999809265137,11.800000190734863,11.800000190734863,11.699999809265137,11.399999618530273,11.100000381469727,11.0,10.899999618530273,10.800000190734863,11.0,11.199999809265137,11.5,11.699999809265137,11.899999618530273
9.300000190734863,9.300000190734863,9.399999618530273,9.5,9.5,9.399999618530273,9.199999809265137,9.100000381469727,8.899999618530273,8.800000190734863,8.899999618530273,9.100000381469727,9.399999618530273,9.800000190734863,10.199999809265137,10.800000190734863,11.600000381469727,12.5,13.199999809265137,13.300000190734863,12.800000190734863,12.0,11.5,11.5,11.399999618530273,11.5,11.600000381469727,11.5,11.399999618530273,11.5,11.600000381469727,11.600000381469727,11.5,11.5,11.600000381469727,11.800000190734863,11.800000190734863,11.600000381469727,11.300000190734863,10.899999618530273,10.699999809265137,10.600000381469727,10.5,10.600000381469727,10.899999618530273,11.100000381469727,11.399999618530273,11.600000381469727
9.5,9.399999618530273,9.399999618530273,9.399999618530273,9.300000190734863,9.100000381469727,8.800000190734863,8.699999809265137,8.399999618530273,8.300000190734863,8.5,8.800000190734863,9.100000381469727,9.5,9.899999618530273,10.5,11.5,12.600000381469727,13.399999618530273,13.800000190734863,13.399999618530273,12.5,11.899999618530273,11.600000381469727,11.600000381469727,11.600000381469727,11.699999809265137,11.600000381469727,11.5,11.600000381469727,11.699999809265137,11.699999809265137,11.600000381469727,11.5,11.5,11.600000381469727,11.699999809265137,11.600000381469727,11.399999618530273,11.0,10.699999809265137,10.5,10.5,10.5,10.699999809265137,10.899999618530273,11.199999809265137,11.5
9.899999618530273,9.699999809265137,9.699999809265137,9.600000381469727,9.399999618530273,9.100000381469727,8.800000190734863,8.5,8.399999618530273,8.300000190734863,8.300000190734863,8.600000381469727,9.0,9.300000190734863,9.699999809265137,10.300000190734863,11.399999618530273,12.600000381469727,13.600000381469727,14.199999809265137,13.899999618530273,13.0,12.199999809265137,11.699999809265137,11.600000381469727,11.699999809265137,11.600000381469727,11.600000381469727,11.600000381469727,11.600000381469727,11.800000190734863,11.800000190734863,11.699999809265137,11.600000381469727,11.600000381469727,11.699999809265137,11.800000190734863,11.800000190734863,11.600000381469727,11.300000190734863,11.0,10.800000190734863,10.699999809265137,10.699999809265137,10.699999809265137,10.899999618530273,11.199999809265137,11.5
10.300000190734863,10.199999809265137,10.0,9.899999618530273,9.800000190734863,9.5,9.199999809265137,9.0,8.899999618530273,8.699999809265137,8.5,8.600000381469727,8.899999618530273,9.300000190734863,9.5,10.100000381469727,11.100000381469727,12.399999618530273,13.600000381469727,14.300000190734863,14.300000190734863,13.399999618530273,12.399999618530273,11.899999618530273,11.699999809265137,11.699999809265137,11.600000381469727,11.5,11.600000381469727,11.699999809265137,11.899999618530273,12.0,11.899999618530273,11.800000190734863,11.800000190734863,11.800000190734863,11.899999618530273,11.899999618530273,11.800000190734863,11.699999809265137,11.5,11.300000190734863,11.300000190734863,11.199999809265137,11.100000381469727,11.100000381469727,11.399999618530273,11.699999809265137
10.600000381469727,10.5,10.399999618530273,10.300000190734863,10.199999809265137,10.0,9.800000190734863,9.600000381469727,9.399999618530273,9.199999809265137,8.899999618530273,8.800000190734863,9.100000381469727,9.399999618530273,9.600000381469727,10.0,10.800000190734863,12.0,13.199999809265137,14.0,14.100000381469727,13.399999618530273,12.399999618530273,11.899999618530273,11.699999809265137,11.600000381469727,11.600000381469727,11.5,11.600000381469727,11.699999809265137,11.899999618530273,12.100000381469727,12.0,11.899999618530273,11.800000190734863,11.899999618530273,11.899999618530273,12.0,12.0,11.899999618530273,11.800000190734863,11.699999809265137,11.699999809265137,11.600000381469727,11.399999618530273,11.399999618530273,11.600000381469727,11.800000190734863
10.600000381469727,10.600000381469727,10.5,10.399999618530273,10.399999618530273,10.300000190734863,10.199999809265137,10.100000381469727,10.0,9.800000190734863,9.5,9.199999809265137,9.199999809265137,9.5,9.699999809265137,10.100000381469727,10.699999809265137,11.5,12.699999809265137,13.5,13.600000381469727,13.0,12.300000190734863,11.800000190734863,11.699999809265137,11.600000381469727,11.5,11.600000381469727,11.699999809265137,11.800000190734863,12.0,12.100000381469727,12.100000381469727,12.0,11.800000190734863,11.800000190734863,11.800000190734863,11.899999618530273,12.0,12.0,12.0,12.0,11.899999618530273,11.800000190734863,11.699999809265137,11.600000381469727,11.699999809265137,11.800000190734863
10.600000381469727,10.600000381469727,10.5,10.399999618530273,10.300000190734863,10.300000190734863,10.300000190734863,10.399999618530273,10.399999618530273,10.300000190734863,10.100000381469727,9.899999618530273,9.699999809265137,9.800000190734863,10.0,10.199999809265137,10.699999809265137,11.300000190734863,12.100000381469727,12.600000381469727,12.899999618530273,12.600000381469727,12.199999809265137,11.899999618530273,11.699999809265137,11.5,11.5,11.600000381469727,11.800000190734863,11.899999618530273,12.0,12.100000381469727,12.0,11.899999618530273,11.699999809265137,11.600000381469727,11.600000381469727,11.800000190734863,11.899999618530273,12.0,12.0,12.0,12.0,11.899999618530273,11.800000190734863,11.699999809265137,11.699999809265137,11.699999809265137
10.600000381469727,10.600000381469727,10.5,10.399999618530273,10.300000190734863,10.300000190734863,10.399999618530273,10.399999618530273,10.5,10.600000381469727,10.600000381469727,10.5,10.300000190734863,10.300000190734863,10.300000190734863,10.399999618530273,10.699999809265137,11.100000381469727,11.5,11.899999618530273,12.300000190734863,12.300000190734863,12.100000381469727,11.800000190734863,11.5,11.399999618530273,11.5,11.699999809265137,11.899999618530273,12.0,12.0,11.899999618530273,11.800000190734863,11.600000381469727,11.5,11.399999618530273,11.399999618530273,11.600000381469727,11.800000190734863,11.899999618530273,12.0,12.0,12.0,11.899999618530273,11.800000190734863,11.800000190734863,11.699999809265137,11.5
10.5,10.600000381469727,10.600000381469727,10.5,10.399999618530273,10.300000190734863,10.399999618530273,10.399999618530273,10.5,10.699999809265137,10.899999618530273,11.0,11.0,10.899999618530273,10.699999809265137,10.600000381469727,10.699999809265137,10.899999618530273,11.0,11.399999618530273,11.800000190734863,12.0,12.0,11.699999809265137,11.399999618530273,11.199999809265137,11.399999618530273,11.699999809265137,11.800000190734863,11.899999618530273,11.800000190734863,11.699999809265137,11.600000381469727,11.399999618530273,11.199999809265137,11.199999809265137,11.300000190734863,11.5,11.699999809265137,12.0,12.0,12.0,11.899999618530273,12.0,11.899999618530273,11.699999809265137,11.5,11.300000190734863
10.600000381469727,10.699999809265137,10.699999809265137,10.699999809265137,10.600000381469727,10.5,10.399999618530273,10.399999618530273,10.5,10.600000381469727,10.899999618530273,11.100000381469727,11.199999809265137,11.100000381469727,10.899999618530273,10.699999809265137,10.699999809265137,10.699999809265137,10.800000190734863,11.0,11.399999618530273,11.600000381469727,11.600000381469727,11.300000190734863,11.0,10.899999618530273,11.100000381469727,11.5,11.699999809265137,11.699999809265137,11.600000381469727,11.5,11.399999618530273,11.300000190734863,11.100000381469727,11.100000381469727,11.300000190734863,11.5,11.800000190734863,11.899999618530273,12.0,12.0,11.899999618530273,11.800000190734863,11.800000190734863,11.5,11.199999809265137,11.0
10.600000381469727,10.699999809265137,10.800000190734863,10.899999618530273,10.899999618530273,10.699999809265137,10.5,10.399999618530273,10.399999618530273,10.5,10.800000190734863,11.100000381469727,11.300000190734863,11.199999809265137,10.899999618530273,10.699999809265137,10.600000381469727,10.699999809265137,10.699999809265137,10.899999618530273,11.100000381469727,11.199999809265137,11.100000381469727,11.0,10.800000190734863,10.800000190734863,11.0,11.300000190734863,11.5,11.5,11.5,11.5,11.300000190734863,11.100000381469727,11.0,11.100000381469727,11.300000190734863,11.5,11.699999809265137,11.899999618530273,11.899999618530273,12.0,11.5,11.199999809265137,11.399999618530273,11.199999809265137,11.0,10.800000190734863
10.5,10.600000381469727,10.800000190734863,11.0,10.899999618530273,10.800000190734863,10.600000381469727,10.399999618530273,10.399999618530273,10.399999618530273,10.699999809265137,11.100000381469727,11.300000190734863,11.199999809265137,10.899999618530273,10.699999809265137,10.600000381469727,10.600000381469727,10.600000381469727,10.800000190734863,10.899999618530273,11.0,10.899999618530273,10.899999618530273,10.699999809265137,10.800000190734863,11.0,11.300000190734863,11.399999618530273,11.399999618530273,11.399999618530273,11.300000190734863,11.199999809265137,11.0,11.0,11.100000381469727,11.199999809265137,11.399999618530273,11.699999809265137,11.899999618530273,11.5,11.100000381469727,11.399999618530273,10.199999809265137,10.300000190734863,10.899999618530273,10.800000190734863,10.699999809265137
10.399999618530273,10.600000381469727,10.800000190734863,10.899999618530273,10.899999618530273,10.800000190734863,10.600000381469727,10.399999618530273,10.399999618530273,10.399999618530273,10.699999809265137,11.0,11.100000381469727,11.100000381469727,10.800000190734863,10.600000381469727,10.5,10.5,10.5,10.600000381469727,10.800000190734863,10.899999618530273,10.899999618530273,10.899999618530273,10.899999618530273,10.899999618530273,11.0,11.199999809265137,11.399999618530273,11.399999618530273,11.300000190734863,11.199999809265137,11.100000381469727,11.0,11.0,11.100000381469727,11.199999809265137,11.399999618530273,11.600000381469727,11.699999809265137,11.5,11.199999809265137,11.0,9.899999618530273,10.300000190734863,10.800000190734863,10.699999809265137,10.699999809265137
10.399999618530273,10.600000381469727,10.800000190734863,10.899999618530273,10.800000190734863,10.699999809265137,10.600000381469727,10.5,10.399999618530273,10.5,10.699999809265137,10.899999618530273,11.0,11.0,10.699999809265137,10.5,10.399999618530273,10.399999618530273,10.300000190734863,10.5,10.699999809265137,10.800000190734863,10.899999618530273,10.899999618530273,10.899999618530273,10.899999618530273,11.100000381469727,11.199999809265137,11.300000190734863,11.399999618530273,11.300000190734863,11.199999809265137,11.0,11.0,11.0,11.100000381469727,11.199999809265137,11.399999618530273,11.5,11.600000381469727,11.5,11.600000381469727,11.300000190734863,10.800000190734863,10.600000381469727,11.0,11.0,10.899999618530273
10.399999618530273,10.600000381469727,10.800000190734863,10.800000190734863,10.699999809265137,10.600000381469727,10.600000381469727,10.5,10.5,10.5,10.600000381469727,10.800000190734863,10.800000190734863,10.800000190734863,10.600000381469727,10.399999618530273,10.300000190734863,10.199999809265137,10.199999809265137,10.399999618530273,10.600000381469727,10.699999809265137,10.800000190734863,10.800000190734863,10.800000190734863,10.899999618530273,11.0,11.199999809265137,11.300000190734863,11.300000190734863,11.300000190734863,11.199999809265137,11.100000381469727,11.0,11.0,11.100000381469727,11.199999809265137,11.300000190734863,11.5,11.5,11.399999618530273,11.300000190734863,11.300000190734863,11.300000190734863,11.100000381469727,11.100000381469727,11.0,10.899999618530273
10.399999618530273,10.600000381469727,10.699999809265137,10.699999809265137,10.699999809265137,10.600000381469727,10.600000381469727,10.600000381469727,10.600000381469727,10.600000381469727,10.600000381469727,10.699999809265137,10.699999809265137,10.5,10.300000190734863,10.199999809265137,10.199999809265137,10.100000381469727,10.0,10.199999809265137,10.5,10.699999809265137,10.699999809265137,10.699999809265137,10.800000190734863,10.800000190734863,10.899999618530273,11.100000381469727,11.199999809265137,11.199999809265137,11.199999809265137,11.199999809265137,11.100000381469727,11.100000381469727,11.100000381469727,11.199999809265137,11.300000190734863,11.399999618530273,11.5,11.399999618530273,11.300000190734863,11.199999809265137,11.199999809265137,11.199999809265137,11.199999809265137,11.199999809265137,11.0,10.800000190734863
10.5,10.600000381469727,10.600000381469727,10.600000381469727,10.600000381469727,10.600000381469727,10.600000381469727,10.600000381469727,10.699999809265137,10.699999809265137,10.699999809265137,10.699999809265137,10.600000381469727,10.399999618530273,10.199999809265137,10.199999809265137,10.100000381469727,10.0,10.0,10.100000381469727,10.399999618530273,10.600000381469727,10.699999809265137,10.699999809265137,10.699999809265137,10.800000190734863,10.800000190734863,11.0,11.0,11.100000381469727,11.100000381469727,11.199999809265137,11.199999809265137,11.199999809265137,11.199999809265137,11.199999809265137,11.300000190734863,11.399999618530273,11.399999618530273,11.399999618530273,11.199999809265137,11.100000381469727,11.100000381469727,11.100000381469727,11.100000381469727,11.0,11.0,10.800000190734863
10.399999618530273,10.5,10.5,10.5,10.5,10.5,10.5,10.600000381469727,10.600000381469727,10.600000381469727,10.600000381469727,10.600000381469727,10.5,10.300000190734863,10.199999809265137,10.100000381469727,10.100000381469727,10.0,10.0,10.100000381469727,10.300000190734863,10.5,10.5,10.600000381469727,10.600000381469727,10.699999809265137,10.800000190734863,10.899999618530273,11.0,11.0,11.0,11.100000381469727,11.199999809265137,11.199999809265137,11.199999809265137,11.199999809265137,11.300000190734863,11.399999618530273,11.399999618530273,11.300000190734863,11.100000381469727,11.100000381469727,11.0,11.0,10.899999618530273,10.899999618530273,10.899999618530273,10.800000190734863
10.399999618530273,10.399999618530273,10.399999618530273,10.399999618530273,10.399999618530273,10.399999618530273,10.399999618530273,10.5,10.5,10.5,10.5,10.5,10.399999618530273,10.300000190734863,10.199999809265137,10.100000381469727,10.100000381469727,10.0,10.100000381469727,10.199999809265137,10.300000190734863,10.399999618530273,10.399999618530273,10.5,10.600000381469727,10.699999809265137,10.800000190734863,10.800000190734863,10.899999618530273,10.899999618530273,10.899999618530273,11.0,11.100000381469727,11.199999809265137,11.100000381469727,11.199999809265137,11.199999809265137,11.199999809265137,11.199999809265137,11.100000381469727,11.0,10.899999618530273,10.899999618530273,10.800000190734863,10.800000190734863,10.699999809265137,10.699999809265137,10.600000381469727
10.199999809265137,10.199999809265137,10.199999809265137,10.199999809265137,10.199999809265137,10.199999809265137,10.300000190734863,10.300000190734863,10.300000190734863,10.300000190734863,10.300000190734863,10.300000190734863,10.300000190734863,10.199999809265137,10.100000381469727,10.100000381469727,10.0,10.0,10.100000381469727,10.100000381469727,10.199999809265137,10.300000190734863,10.399999618530273,10.5,10.600000381469727,10.699999809265137,10.800000190734863,10.800000190734863,10.899999618530273,10.899999618530273,10.899999618530273,10.899999618530273,11.0,11.100000381469727,11.0,11.0,11.0,11.100000381469727,11.100000381469727,10.899999618530273,10.699999809265137,10.600000381469727,10.600000381469727,10.600000381469727,10.600000381469727,10.5,10.5,10.399999618530273
