data_weather/step_19.json
{"header": {"nx": 220, "ny": 225, "lo1": 11.000000000000096, "la1": 39.480000000000906, "lo2": 16.475000000000172, "la2": 35.000000000000206, "dx": 0.025000000000000355, "dy": 0.020000000000003126, "refTime": "2026-02-04T07:00:00.000Z", "parameterCategory": 2, "parameterNumber": 2}, "data":
[rows 63 to 83 of 225, columns 46 to 91 of 220]
-3.0999999046325684,-3.799999952316284,-4.5,-5.0,-5.300000190734863,-5.300000190734863,-5.300000190734863,-5.5,-6.099999904632568,-7.300000190734863,-8.100000381469727,-8.399999618530273,-7.800000190734863,-7.300000190734863,-6.900000095367432,-6.699999809265137,-6.400000095367432,-6.099999904632568,-6.0,-6.300000190734863,-6.5,-6.699999809265137,-6.099999904632568,-5.800000190734863,-5.099999904632568,-4.099999904632568,-2.799999952316284,-2.0999999046325684,-2.200000047683716,-2.299999952316284,-2.299999952316284,-2.5999999046325684,-3.9000000953674316,-6.0,-7.699999809265137,-8.0,-7.599999904632568,-7.099999904632568,-7.400000095367432,-7.699999809265137,-7.699999809265137,-7.199999809265137,-6.400000095367432,-5.800000190734863,-5.400000095367432,-4.5
-3.4000000953674316,-3.799999952316284,-4.400000095367432,-4.900000095367432,-5.199999809265137,-5.400000095367432,-5.400000095367432,-5.400000095367432,-5.699999809265137,-6.599999904632568,-7.699999809265137,-8.399999618530273,-8.199999809265137,-7.599999904632568,-7.0,-6.400000095367432,-6.0,-5.800000190734863,-6.099999904632568,-6.699999809265137,-7.0,-6.599999904632568,-5.800000190734863,-5.300000190734863,-4.900000095367432,-4.0,-3.0,-2.5999999046325684,-2.5999999046325684,-2.4000000953674316,-2.4000000953674316,-2.799999952316284,-4.400000095367432,-6.5,-8.100000381469727,-8.300000190734863,-7.699999809265137,-7.099999904632568,-6.599999904632568,-6.699999809265137,-6.900000095367432,-6.400000095367432,-5.400000095367432,-4.900000095367432,-4.900000095367432,-3.9000000953674316
-3.299999952316284,-3.799999952316284,-4.300000190734863,-4.699999809265137,-5.099999904632568,-5.300000190734863,-5.300000190734863,-5.300000190734863,-5.5,-6.0,-6.900000095367432,-8.0,-8.399999618530273,-8.0,-7.199999809265137,-6.400000095367432,-5.800000190734863,-5.699999809265137,-6.300000190734863,-7.099999904632568,-7.199999809265137,-6.599999904632568,-5.199999809265137,-4.099999904632568,-4.5,-4.0,-3.700000047683716,-3.799999952316284,-3.299999952316284,-2.9000000953674316,-2.299999952316284,-2.9000000953674316,-4.5,-6.599999904632568,-7.599999904632568,-7.400000095367432,-6.199999809265137,-4.800000190734863,-3.700000047683716,-4.300000190734863,-4.0,-3.9000000953674316,-3.4000000953674316,-4.0,-5.199999809265137,-4.5
-3.5,-3.799999952316284,-4.199999809265137,-4.599999904632568,-4.900000095367432,-5.099999904632568,-5.199999809265137,-5.300000190734863,-5.400000095367432,-5.5,-6.0,-7.0,-7.900000095367432,-8.300000190734863,-7.699999809265137,-6.599999904632568,-5.800000190734863,-5.699999809265137,-6.5,-7.199999809265137,-6.699999809265137,-5.300000190734863,-3.200000047683716,-2.799999952316284,-4.0,-4.5,-4.300000190734863,-4.800000190734863,-4.400000095367432,-3.299999952316284,-2.4000000953674316,-2.5999999046325684,-3.9000000953674316,-5.400000095367432,-6.099999904632568,-5.400000095367432,-4.099999904632568,-2.200000047683716,-2.299999952316284,-3.5999999046325684,-1.899999976158142,-1.5,-3.0,-7.699999809265137,-7.699999809265137,-4.300000190734863
-3.5999999046325684,-3.799999952316284,-4.099999904632568,-4.400000095367432,-4.599999904632568,-4.800000190734863,-4.900000095367432,-5.099999904632568,-5.300000190734863,-5.400000095367432,-5.5,-5.900000095367432,-7.199999809265137,-7.599999904632568,-7.699999809265137,-7.099999904632568,-6.199999809265137,-6.0,-6.199999809265137,-6.0,-4.5,-2.5,-1.0,-2.200000047683716,-5.0,-4.300000190734863,-4.400000095367432,-5.0,-4.900000095367432,-3.5999999046325684,-2.4000000953674316,-2.200000047683716,-3.5,-5.0,-4.900000095367432,-3.700000047683716,-2.200000047683716,-1.7999999523162842,-4.300000190734863,-3.9000000953674316,-2.0999999046325684,-2.4000000953674316,-5.199999809265137,-7.800000190734863,-7.099999904632568,-3.0
-3.799999952316284,-3.700000047683716,-4.0,-4.199999809265137,-4.400000095367432,-4.5,-4.699999809265137,-4.800000190734863,-5.199999809265137,-5.400000095367432,-5.400000095367432,-5.099999904632568,-5.699999809265137,-6.400000095367432,-7.0,-7.199999809265137,-6.5,-5.800000190734863,-5.099999904632568,-3.5999999046325684,-2.4000000953674316,-0.10000000149011612,-0.6000000238418579,-4.199999809265137,-5.400000095367432,-4.199999809265137,-3.200000047683716,-4.099999904632568,-4.699999809265137,-3.5,-2.299999952316284,-1.7999999523162842,-2.700000047683716,-4.300000190734863,-4.699999809265137,-3.9000000953674316,-2.799999952316284,-3.299999952316284,-4.699999809265137,-5.300000190734863,-4.099999904632568,-5.5,-6.699999809265137,-6.300000190734863,-5.900000095367432,-2.200000047683716
-3.5999999046325684,-3.5999999046325684,-3.799999952316284,-4.0,-4.099999904632568,-4.300000190734863,-4.400000095367432,-4.699999809265137,-5.099999904632568,-5.400000095367432,-5.599999904632568,-5.199999809265137,-4.900000095367432,-4.900000095367432,-5.0,-5.400000095367432,-5.400000095367432,-5.0,-3.299999952316284,-1.2999999523162842,-0.30000001192092896,-0.6000000238418579,-3.4000000953674316,-5.800000190734863,-6.400000095367432,-2.799999952316284,-1.7999999523162842,-2.0999999046325684,-3.700000047683716,-3.200000047683716,-1.7999999523162842,-1.600000023841858,-2.5,-4.699999809265137,-5.199999809265137,-4.0,-2.9000000953674316,-2.9000000953674316,-4.699999809265137,-5.400000095367432,-4.800000190734863,-7.599999904632568,-6.699999809265137,-6.099999904632568,-3.299999952316284,-2.799999952316284
-3.5999999046325684,-3.299999952316284,-3.700000047683716,-3.9000000953674316,-3.9000000953674316,-4.099999904632568,-4.300000190734863,-4.5,-5.0,-5.5,-5.800000190734863,-5.5,-5.0,-4.199999809265137,-3.9000000953674316,-3.799999952316284,-3.9000000953674316,-3.5,-1.7999999523162842,-1.0,-1.600000023841858,-3.700000047683716,-5.199999809265137,-5.800000190734863,-6.0,-2.4000000953674316,-0.4000000059604645,-0.30000001192092896,-2.299999952316284,-2.5999999046325684,-1.2000000476837158,-0.6000000238418579,-2.0,-4.300000190734863,-5.099999904632568,-3.9000000953674316,-2.9000000953674316,-3.0,-4.400000095367432,-5.300000190734863,-5.5,-6.300000190734863,-6.099999904632568,-4.699999809265137,-2.5999999046325684,-2.5
-3.299999952316284,-3.0999999046325684,-3.5,-3.700000047683716,-3.799999952316284,-3.9000000953674316,-4.099999904632568,-4.400000095367432,-5.0,-5.699999809265137,-6.0,-5.699999809265137,-5.0,-4.099999904632568,-3.299999952316284,-2.799999952316284,-2.700000047683716,-2.0999999046325684,-1.7000000476837158,-1.7999999523162842,-3.0999999046325684,-4.300000190734863,-5.300000190734863,-5.300000190734863,-6.099999904632568,-2.9000000953674316,0.800000011920929,0.699999988079071,-1.2000000476837158,-3.0,-0.8999999761581421,0.20000000298023224,-1.7000000476837158,-4.199999809265137,-4.800000190734863,-3.5999999046325684,-2.9000000953674316,-3.0,-3.700000047683716,-4.5,-5.099999904632568,-5.199999809265137,-4.699999809265137,-3.9000000953674316,-2.799999952316284,-2.9000000953674316
-3.0,-3.0,-3.4000000953674316,-3.799999952316284,-3.799999952316284,-3.9000000953674316,-4.0,-4.099999904632568,-4.900000095367432,-5.900000095367432,-6.199999809265137,-5.900000095367432,-5.199999809265137,-4.300000190734863,-3.299999952316284,-2.799999952316284,-3.5,-3.0,-1.0,-1.899999976158142,-4.099999904632568,-5.0,-5.5,-6.099999904632568,-6.099999904632568,-4.0,0.4000000059604645,-0.6000000238418579,-3.0,-2.4000000953674316,0.20000000298023224,0.4000000059604645,-1.600000023841858,-3.700000047683716,-3.9000000953674316,-3.9000000953674316,-3.9000000953674316,-4.199999809265137,-4.800000190734863,-5.300000190734863,-5.599999904632568,-5.0,-4.800000190734863,-4.099999904632568,-2.5999999046325684,-2.9000000953674316
-2.700000047683716,-2.799999952316284,-3.5999999046325684,-3.799999952316284,-3.799999952316284,-3.799999952316284,-3.799999952316284,-4.099999904632568,-5.0,-6.199999809265137,-6.400000095367432,-5.800000190734863,-5.099999904632568,-4.300000190734863,-3.0999999046325684,-2.299999952316284,-3.299999952316284,-3.200000047683716,-1.2000000476837158,-2.0,-3.5,-4.5,-4.300000190734863,-4.699999809265137,-5.699999809265137,-3.9000000953674316,-2.0999999046325684,-3.200000047683716,-4.099999904632568,-1.899999976158142,1.100000023841858,0.6000000238418579,-2.4000000953674316,-4.300000190734863,-4.5,-4.400000095367432,-4.300000190734863,-4.800000190734863,-5.5,-6.199999809265137,-6.400000095367432,-4.199999809265137,-3.9000000953674316,-3.4000000953674316,-3.0999999046325684,-3.0999999046325684
-2.5,-3.0,-3.700000047683716,-3.9000000953674316,-3.799999952316284,-3.700000047683716,-3.799999952316284,-4.099999904632568,-5.300000190734863,-6.5,-6.400000095367432,-5.5,-5.0,-4.300000190734863,-3.0999999046325684,-2.299999952316284,-1.600000023841858,-2.0,-1.100000023841858,-2.200000047683716,-4.099999904632568,-5.400000095367432,-5.099999904632568,-4.699999809265137,-5.599999904632568,-4.0,-2.5,-4.699999809265137,-5.400000095367432,-1.0,2.5,-0.0,-3.4000000953674316,-4.800000190734863,-4.599999904632568,-4.5,-4.599999904632568,-4.5,-5.5,-6.5,-6.599999904632568,-5.099999904632568,-4.300000190734863,-4.400000095367432,-3.9000000953674316,-2.799999952316284
-2.5,-3.200000047683716,-3.9000000953674316,-4.0,-3.799999952316284,-3.5999999046325684,-4.099999904632568,-4.900000095367432,-6.300000190734863,-7.0,-6.199999809265137,-5.300000190734863,-4.800000190734863,-4.300000190734863,-3.200000047683716,-2.200000047683716,-1.7000000476837158,-1.5,-1.2999999523162842,-2.0,-3.5999999046325684,-5.0,-5.0,-4.900000095367432,-6.0,-4.300000190734863,-2.9000000953674316,-4.199999809265137,-4.0,-2.0,1.899999976158142,-1.7999999523162842,-4.699999809265137,-5.199999809265137,-4.800000190734863,-4.900000095367432,-4.800000190734863,-4.099999904632568,-4.199999809265137,-5.199999809265137,-6.599999904632568,-5.800000190734863,-6.199999809265137,-5.099999904632568,-3.9000000953674316,-2.799999952316284
-2.700000047683716,-3.5,-4.0,-4.199999809265137,-3.9000000953674316,-3.5999999046325684,-3.799999952316284,-5.0,-6.5,-7.0,-5.900000095367432,-4.900000095367432,-4.599999904632568,-4.300000190734863,-3.200000047683716,-2.200000047683716,-1.7999999523162842,-1.600000023841858,-1.7000000476837158,-2.200000047683716,-3.5999999046325684,-4.099999904632568,-4.300000190734863,-4.800000190734863,-5.300000190734863,-4.5,-3.200000047683716,-3.4000000953674316,-3.0999999046325684,0.10000000149011612,1.2999999523162842,-3.0999999046325684,-5.5,-4.900000095367432,-4.599999904632568,-4.900000095367432,-4.599999904632568,-3.9000000953674316,-2.9000000953674316,-3.0999999046325684,-5.699999809265137,-5.900000095367432,-6.800000190734863,-6.599999904632568,-5.400000095367432,-3.0999999046325684
-3.0999999046325684,-3.700000047683716,-4.300000190734863,-4.400000095367432,-4.099999904632568,-3.799999952316284,-3.799999952316284,-5.300000190734863,-6.900000095367432,-6.900000095367432,-5.5,-4.699999809265137,-4.400000095367432,-3.799999952316284,-3.0,-2.200000047683716,-1.899999976158142,-1.7000000476837158,-1.7000000476837158,-2.200000047683716,-3.0,-3.5999999046325684,-3.5999999046325684,-4.5,-5.0,-4.300000190734863,-3.5999999046325684,-3.0,-2.0999999046325684,-1.899999976158142,-1.399999976158142,-3.5,-6.199999809265137,-4.699999809265137,-3.9000000953674316,-4.199999809265137,-4.599999904632568,-4.0,-2.5,-2.0999999046325684,-4.800000190734863,-6.900000095367432,-7.099999904632568,-6.599999904632568,-5.699999809265137,-5.099999904632568
-3.4000000953674316,-4.099999904632568,-4.599999904632568,-4.599999904632568,-4.5,-4.599999904632568,-5.099999904632568,-5.900000095367432,-6.300000190734863,-6.099999904632568,-5.199999809265137,-4.5,-4.5,-3.799999952316284,-2.799999952316284,-2.299999952316284,-1.7999999523162842,-1.7000000476837158,-2.200000047683716,-2.9000000953674316,-3.9000000953674316,-4.199999809265137,-4.400000095367432,-5.099999904632568,-5.5,-4.800000190734863,-4.5,-4.099999904632568,-3.299999952316284,-1.899999976158142,-1.0,-2.700000047683716,-4.900000095367432,-4.599999904632568,-3.9000000953674316,-4.300000190734863,-4.800000190734863,-3.700000047683716,-2.9000000953674316,-2.299999952316284,-3.799999952316284,-5.599999904632568,-6.400000095367432,-6.300000190734863,-5.800000190734863,-6.300000190734863
-3.799999952316284,-4.5,-4.900000095367432,-4.699999809265137,-4.800000190734863,-5.800000190734863,-6.900000095367432,-7.599999904632568,-7.300000190734863,-6.099999904632568,-5.0,-4.699999809265137,-4.599999904632568,-3.9000000953674316,-3.0,-2.299999952316284,-1.899999976158142,-1.7999999523162842,-2.200000047683716,-3.299999952316284,-4.400000095367432,-4.699999809265137,-4.800000190734863,-5.199999809265137,-6.099999904632568,-5.800000190734863,-4.5,-3.5,-3.200000047683716,-2.4000000953674316,-0.6000000238418579,-1.5,-3.5,-4.199999809265137,-3.4000000953674316,-4.199999809265137,-4.800000190734863,-4.099999904632568,-2.9000000953674316,-2.5,-3.0999999046325684,-4.5,-5.5,-5.900000095367432,-6.400000095367432,-6.199999809265137
-4.400000095367432,-5.199999809265137,-5.300000190734863,-4.800000190734863,-4.800000190734863,-6.0,-7.599999904632568,-8.100000381469727,-7.599999904632568,-5.900000095367432,-4.900000095367432,-4.900000095367432,-4.900000095367432,-4.300000190734863,-3.200000047683716,-2.700000047683716,-2.0999999046325684,-1.899999976158142,-2.299999952316284,-3.4000000953674316,-4.599999904632568,-5.0,-5.300000190734863,-6.0,-6.0,-6.0,-4.699999809265137,-3.799999952316284,-3.200000047683716,-2.5999999046325684,-0.699999988079071,-1.2000000476837158,-2.4000000953674316,-3.4000000953674316,-3.5999999046325684,-3.9000000953674316,-4.599999904632568,-4.099999904632568,-3.5,-3.0999999046325684,-3.0,-4.300000190734863,-5.0,-5.900000095367432,-6.5,-6.900000095367432
-4.900000095367432,-5.699999809265137,-5.5,-4.900000095367432,-5.0,-6.300000190734863,-7.599999904632568,-8.0,-6.900000095367432,-5.699999809265137,-5.400000095367432,-5.400000095367432,-5.199999809265137,-4.099999904632568,-3.200000047683716,-3.200000047683716,-2.5,-2.299999952316284,-2.5,-3.299999952316284,-4.300000190734863,-5.099999904632568,-5.099999904632568,-5.5,-5.699999809265137,-5.599999904632568,-4.300000190734863,-3.799999952316284,-2.9000000953674316,-2.0999999046325684,-1.5,-1.7999999523162842,-2.5,-3.0,-3.200000047683716,-3.799999952316284,-4.5,-3.799999952316284,-3.5999999046325684,-3.200000047683716,-3.200000047683716,-3.9000000953674316,-4.599999904632568,-5.300000190734863,-6.0,-6.699999809265137
-5.199999809265137,-6.0,-5.699999809265137,-5.300000190734863,-5.599999904632568,-6.800000190734863,-7.900000095367432,-7.800000190734863,-6.699999809265137,-5.900000095367432,-5.900000095367432,-5.900000095367432,-5.300000190734863,-4.099999904632568,-3.5,-3.5999999046325684,-3.299999952316284,-2.700000047683716,-2.700000047683716,-3.299999952316284,-3.9000000953674316,-4.800000190734863,-5.0,-5.099999904632568,-5.699999809265137,-5.699999809265137,-4.0,-3.200000047683716,-3.200000047683716,-3.5999999046325684,-3.299999952316284,-2.799999952316284,-2.799999952316284,-2.700000047683716,-2.5999999046325684,-3.299999952316284,-4.0,-3.799999952316284,-3.4000000953674316,-3.700000047683716,-3.5,-2.799999952316284,-3.700000047683716,-4.900000095367432,-5.900000095367432,-6.599999904632568
-5.5,-6.0,-5.900000095367432,-5.800000190734863,-6.300000190734863,-7.199999809265137,-7.800000190734863,-7.599999904632568,-6.599999904632568,-6.199999809265137,-6.5,-6.099999904632568,-5.099999904632568,-3.9000000953674316,-3.4000000953674316,-3.5999999046325684,-3.5999999046325684,-3.4000000953674316,-3.0999999046325684,-3.0,-3.5,-4.400000095367432,-5.0,-4.900000095367432,-5.099999904632568,-4.400000095367432,-3.5999999046325684,-3.4000000953674316,-4.400000095367432,-4.699999809265137,-4.5,-3.700000047683716,-3.200000047683716,-2.5999999046325684,-2.5,-2.9000000953674316,-3.700000047683716,-3.9000000953674316,-3.5999999046325684,-3.4000000953674316,-3.700000047683716,-2.799999952316284,-3.9000000953674316,-4.800000190734863,-5.199999809265137,-5.599999904632568
