data_weather/step_12.json
{"header": {"nx": 220, "ny": 225, "lo1": 11.000000000000096, "la1": 39.480000000000906, "lo2": 16.475000000000172, "la2": 35.000000000000206, "dx": 0.025000000000000355, "dy": 0.020000000000003126, "refTime": "2026-02-04T00:00:00.000Z", "parameterCategory": 2, "parameterNumber": 3}, "data":
[rows 84 to 104 of 225, columns 0 to 47 of 220]
5.599999904632568,5.900000095367432,6.099999904632568,6.300000190734863,6.300000190734863,6.400000095367432,6.5,6.599999904632568,6.699999809265137,6.900000095367432,7.0,7.099999904632568,7.199999809265137,7.400000095367432,7.5,7.599999904632568,7.699999809265137,7.599999904632568,7.599999904632568,7.5,7.5,7.5,7.5,7.5,7.599999904632568,7.699999809265137,7.800000190734863,7.900000095367432,8.0,8.0,8.0,8.0,8.0,7.900000095367432,7.900000095367432,7.800000190734863,7.699999809265137,7.699999809265137,7.800000190734863,8.100000381469727,8.699999809265137,9.300000190734863,10.0,10.399999618530273,10.5,10.399999618530273,10.100000381469727,9.800000190734863
5.699999809265137,6.099999904632568,6.300000190734863,6.400000095367432,6.400000095367432,6.5,6.5,6.599999904632568,6.800000190734863,6.900000095367432,7.0,7.199999809265137,7.300000190734863,7.5,7.5,7.599999904632568,7.599999904632568,7.5,7.5,7.5,7.5,7.5,7.5,7.5,7.599999904632568,7.599999904632568,7.699999809265137,7.800000190734863,7.800000190734863,7.900000095367432,7.900000095367432,7.900000095367432,7.800000190734863,7.800000190734863,7.699999809265137,7.599999904632568,7.5,7.599999904632568,7.900000095367432,8.399999618530273,9.0,9.699999809265137,10.100000381469727,10.199999809265137,10.0,9.800000190734863,9.600000381469727,9.5
5.900000095367432,6.199999809265137,6.400000095367432,6.5,6.5,6.5,6.599999904632568,6.699999809265137,6.900000095367432,7.0,7.099999904632568,7.199999809265137,7.400000095367432,7.5,7.5,7.5,7.400000095367432,7.400000095367432,7.300000190734863,7.400000095367432,7.400000095367432,7.5,7.5,7.5,7.5,7.599999904632568,7.599999904632568,7.699999809265137,7.699999809265137,7.800000190734863,7.800000190734863,7.699999809265137,7.699999809265137,7.599999904632568,7.599999904632568,7.5,7.599999904632568,7.800000190734863,8.199999809265137,8.800000190734863,9.399999618530273,9.800000190734863,9.800000190734863,9.699999809265137,9.5,9.300000190734863,9.199999809265137,9.199999809265137
6.099999904632568,6.300000190734863,6.400000095367432,6.5,6.5,6.599999904632568,6.699999809265137,6.800000190734863,6.900000095367432,7.099999904632568,7.199999809265137,7.300000190734863,7.400000095367432,7.400000095367432,7.400000095367432,7.300000190734863,7.199999809265137,7.199999809265137,7.199999809265137,7.300000190734863,7.400000095367432,7.5,7.5,7.5,7.5,7.5,7.5,7.599999904632568,7.599999904632568,7.699999809265137,7.699999809265137,7.599999904632568,7.599999904632568,7.5,7.5,7.599999904632568,7.800000190734863,8.100000381469727,8.600000381469727,9.100000381469727,9.5,9.600000381469727,9.399999618530273,9.199999809265137,9.0,8.899999618530273,8.899999618530273,9.0
6.099999904632568,6.300000190734863,6.400000095367432,6.5,6.5,6.599999904632568,6.800000190734863,6.900000095367432,7.0,7.099999904632568,7.199999809265137,7.300000190734863,7.400000095367432,7.400000095367432,7.300000190734863,7.199999809265137,7.099999904632568,7.099999904632568,7.199999809265137,7.300000190734863,7.400000095367432,7.5,7.5,7.5,7.5,7.5,7.5,7.5,7.599999904632568,7.599999904632568,7.599999904632568,7.5,7.5,7.599999904632568,7.699999809265137,7.800000190734863,8.100000381469727,8.600000381469727,8.899999618530273,9.300000190734863,9.300000190734863,9.199999809265137,9.0,8.800000190734863,8.600000381469727,8.600000381469727,8.600000381469727,8.699999809265137
6.0,6.199999809265137,6.300000190734863,6.400000095367432,6.599999904632568,6.699999809265137,6.800000190734863,6.900000095367432,7.0,7.099999904632568,7.199999809265137,7.300000190734863,7.300000190734863,7.300000190734863,7.199999809265137,7.199999809265137,7.099999904632568,7.199999809265137,7.199999809265137,7.300000190734863,7.400000095367432,7.400000095367432,7.5,7.5,7.5,7.5,7.5,7.5,7.5,7.5,7.400000095367432,7.5,7.5,7.699999809265137,7.900000095367432,8.199999809265137,8.600000381469727,8.899999618530273,9.100000381469727,9.100000381469727,9.100000381469727,8.899999618530273,8.699999809265137,8.5,8.5,8.5,8.5,8.5
5.800000190734863,6.0,6.199999809265137,6.400000095367432,6.599999904632568,6.800000190734863,6.900000095367432,7.0,7.0,7.099999904632568,7.099999904632568,7.199999809265137,7.199999809265137,7.199999809265137,7.199999809265137,7.199999809265137,7.199999809265137,7.199999809265137,7.300000190734863,7.300000190734863,7.400000095367432,7.400000095367432,7.5,7.5,7.599999904632568,7.599999904632568,7.599999904632568,7.599999904632568,7.5,7.400000095367432,7.400000095367432,7.400000095367432,7.599999904632568,7.800000190734863,8.199999809265137,8.5,8.899999618530273,9.100000381469727,9.100000381469727,8.899999618530273,8.699999809265137,8.600000381469727,8.399999618530273,8.399999618530273,8.399999618530273,8.399999618530273,8.5,8.399999618530273
5.599999904632568,5.800000190734863,6.099999904632568,6.5,6.699999809265137,6.900000095367432,7.0,7.099999904632568,7.099999904632568,7.099999904632568,7.099999904632568,7.199999809265137,7.199999809265137,7.099999904632568,7.099999904632568,7.199999809265137,7.300000190734863,7.300000190734863,7.300000190734863,7.400000095367432,7.400000095367432,7.400000095367432,7.5,7.599999904632568,7.699999809265137,7.699999809265137,7.699999809265137,7.599999904632568,7.5,7.5,7.5,7.5,7.800000190734863,8.100000381469727,8.399999618530273,8.699999809265137,9.0,9.0,8.899999618530273,8.699999809265137,8.5,8.399999618530273,8.300000190734863,8.300000190734863,8.399999618530273,8.399999618530273,8.399999618530273,8.399999618530273
5.5,5.800000190734863,6.099999904632568,6.400000095367432,6.699999809265137,6.900000095367432,7.0,7.099999904632568,7.199999809265137,7.199999809265137,7.199999809265137,7.199999809265137,7.199999809265137,7.099999904632568,7.199999809265137,7.199999809265137,7.300000190734863,7.400000095367432,7.400000095367432,7.400000095367432,7.400000095367432,7.400000095367432,7.5,7.599999904632568,7.699999809265137,7.699999809265137,7.800000190734863,7.699999809265137,7.599999904632568,7.599999904632568,7.599999904632568,7.800000190734863,8.0,8.300000190734863,8.600000381469727,8.800000190734863,8.899999618530273,8.899999618530273,8.699999809265137,8.5,8.399999618530273,8.199999809265137,8.199999809265137,8.199999809265137,8.300000190734863,8.300000190734863,8.300000190734863,8.300000190734863
5.599999904632568,5.699999809265137,6.0,6.300000190734863,6.599999904632568,6.800000190734863,7.0,7.099999904632568,7.199999809265137,7.300000190734863,7.300000190734863,7.300000190734863,7.199999809265137,7.199999809265137,7.199999809265137,7.300000190734863,7.300000190734863,7.400000095367432,7.400000095367432,7.400000095367432,7.400000095367432,7.400000095367432,7.5,7.599999904632568,7.699999809265137,7.699999809265137,7.699999809265137,7.699999809265137,7.699999809265137,7.699999809265137,7.800000190734863,8.0,8.199999809265137,8.5,8.699999809265137,8.800000190734863,8.800000190734863,8.699999809265137,8.5,8.399999618530273,8.199999809265137,8.100000381469727,8.100000381469727,8.100000381469727,8.199999809265137,8.199999809265137,8.199999809265137,8.199999809265137
5.599999904632568,5.699999809265137,5.900000095367432,6.199999809265137,6.400000095367432,6.699999809265137,6.900000095367432,7.099999904632568,7.199999809265137,7.300000190734863,7.400000095367432,7.400000095367432,7.400000095367432,7.400000095367432,7.300000190734863,7.300000190734863,7.300000190734863,7.400000095367432,7.400000095367432,7.400000095367432,7.400000095367432,7.5,7.599999904632568,7.599999904632568,7.699999809265137,7.699999809265137,7.699999809265137,7.699999809265137,7.800000190734863,7.900000095367432,8.100000381469727,8.199999809265137,8.399999618530273,8.5,8.600000381469727,8.699999809265137,8.600000381469727,8.5,8.399999618530273,8.199999809265137,8.100000381469727,8.0,7.900000095367432,7.900000095367432,8.0,8.100000381469727,8.100000381469727,8.0
5.699999809265137,5.699999809265137,5.800000190734863,6.0,6.300000190734863,6.599999904632568,6.800000190734863,7.0,7.099999904632568,7.300000190734863,7.400000095367432,7.400000095367432,7.5,7.5,7.400000095367432,7.400000095367432,7.400000095367432,7.400000095367432,7.400000095367432,7.400000095367432,7.5,7.599999904632568,7.699999809265137,7.699999809265137,7.699999809265137,7.599999904632568,7.599999904632568,7.699999809265137,7.900000095367432,8.0,8.199999809265137,8.399999618530273,8.5,8.5,8.5,8.399999618530273,8.399999618530273,8.300000190734863,8.199999809265137,8.100000381469727,8.0,7.800000190734863,7.800000190734863,7.800000190734863,7.900000095367432,8.0,7.900000095367432,7.900000095367432
5.800000190734863,5.699999809265137,5.699999809265137,5.900000095367432,6.199999809265137,6.5,6.699999809265137,6.900000095367432,7.099999904632568,7.199999809265137,7.300000190734863,7.400000095367432,7.5,7.5,7.5,7.5,7.400000095367432,7.400000095367432,7.400000095367432,7.5,7.599999904632568,7.699999809265137,7.800000190734863,7.699999809265137,7.599999904632568,7.599999904632568,7.599999904632568,7.699999809265137,8.0,8.199999809265137,8.399999618530273,8.5,8.5,8.399999618530273,8.300000190734863,8.199999809265137,8.100000381469727,8.0,8.100000381469727,8.0,7.900000095367432,7.699999809265137,7.699999809265137,7.699999809265137,7.900000095367432,7.900000095367432,7.900000095367432,7.800000190734863
6.0,5.800000190734863,5.800000190734863,5.900000095367432,6.099999904632568,6.400000095367432,6.699999809265137,6.900000095367432,7.0,7.099999904632568,7.199999809265137,7.300000190734863,7.5,7.5,7.5,7.5,7.400000095367432,7.5,7.5,7.599999904632568,7.699999809265137,7.800000190734863,7.800000190734863,7.699999809265137,7.699999809265137,7.599999904632568,7.599999904632568,7.800000190734863,8.0,8.300000190734863,8.399999618530273,8.5,8.399999618530273,8.199999809265137,8.100000381469727,8.0,7.900000095367432,7.900000095367432,7.900000095367432,7.900000095367432,7.699999809265137,7.699999809265137,7.599999904632568,7.699999809265137,7.800000190734863,7.900000095367432,7.900000095367432,7.800000190734863
6.199999809265137,6.0,5.900000095367432,5.900000095367432,6.099999904632568,6.400000095367432,6.699999809265137,7.0,7.099999904632568,7.199999809265137,7.199999809265137,7.300000190734863,7.300000190734863,7.400000095367432,7.400000095367432,7.400000095367432,7.5,7.5,7.599999904632568,7.699999809265137,7.800000190734863,7.800000190734863,7.800000190734863,7.800000190734863,7.800000190734863,7.699999809265137,7.800000190734863,7.900000095367432,8.100000381469727,8.199999809265137,8.300000190734863,8.300000190734863,8.100000381469727,8.0,7.900000095367432,7.900000095367432,7.800000190734863,7.800000190734863,7.699999809265137,7.599999904632568,7.599999904632568,7.599999904632568,7.599999904632568,7.699999809265137,7.699999809265137,7.699999809265137,7.800000190734863,7.800000190734863
6.5,6.300000190734863,6.199999809265137,6.099999904632568,6.199999809265137,6.400000095367432,6.699999809265137,7.0,7.099999904632568,7.199999809265137,7.199999809265137,7.199999809265137,7.199999809265137,7.199999809265137,7.300000190734863,7.400000095367432,7.5,7.599999904632568,7.699999809265137,7.699999809265137,7.800000190734863,7.800000190734863,7.800000190734863,7.800000190734863,7.800000190734863,7.900000095367432,7.900000095367432,7.900000095367432,8.0,8.0,8.0,7.900000095367432,7.800000190734863,7.699999809265137,7.699999809265137,7.699999809265137,7.699999809265137,7.699999809265137,7.5,7.5,7.599999904632568,7.599999904632568,7.599999904632568,7.599999904632568,7.5,7.5,7.599999904632568,7.699999809265137
6.699999809265137,6.599999904632568,6.400000095367432,6.400000095367432,6.400000095367432,6.599999904632568,6.800000190734863,7.0,7.099999904632568,7.199999809265137,7.199999809265137,7.199999809265137,7.099999904632568,7.099999904632568,7.199999809265137,7.300000190734863,7.5,7.599999904632568,7.599999904632568,7.699999809265137,7.699999809265137,7.800000190734863,7.800000190734863,7.900000095367432,7.900000095367432,8.0,8.0,8.0,7.800000190734863,7.699999809265137,7.599999904632568,7.599999904632568,7.599999904632568,7.5,7.5,7.400000095367432,7.400000095367432,7.400000095367432,7.400000095367432,7.400000095367432,7.5,7.599999904632568,7.599999904632568,7.5,7.5,7.400000095367432,7.400000095367432,7.5
6.900000095367432,6.900000095367432,6.900000095367432,6.800000190734863,6.800000190734863,6.800000190734863,6.800000190734863,6.900000095367432,7.0,7.0,7.099999904632568,7.099999904632568,7.099999904632568,7.099999904632568,7.199999809265137,7.300000190734863,7.400000095367432,7.5,7.5,7.599999904632568,7.599999904632568,7.699999809265137,7.699999809265137,7.800000190734863,7.800000190734863,7.900000095367432,7.900000095367432,7.800000190734863,7.699999809265137,7.5,7.400000095367432,7.400000095367432,7.5,7.400000095367432,7.400000095367432,7.300000190734863,7.300000190734863,7.300000190734863,7.400000095367432,7.5,7.5,7.599999904632568,7.599999904632568,7.5,7.5,7.400000095367432,7.300000190734863,7.300000190734863
7.199999809265137,7.300000190734863,7.400000095367432,7.300000190734863,7.199999809265137,7.0,6.900000095367432,6.800000190734863,6.800000190734863,6.900000095367432,7.0,7.099999904632568,7.099999904632568,7.099999904632568,7.199999809265137,7.199999809265137,7.300000190734863,7.300000190734863,7.400000095367432,7.5,7.5,7.599999904632568,7.599999904632568,7.599999904632568,7.699999809265137,7.699999809265137,7.699999809265137,7.599999904632568,7.5,7.400000095367432,7.400000095367432,7.400000095367432,7.400000095367432,7.400000095367432,7.300000190734863,7.300000190734863,7.300000190734863,7.300000190734863,7.400000095367432,7.5,7.599999904632568,7.599999904632568,7.5,7.5,7.300000190734863,7.199999809265137,7.199999809265137,7.199999809265137
7.5,7.800000190734863,7.800000190734863,7.699999809265137,7.5,7.099999904632568,6.800000190734863,6.699999809265137,6.699999809265137,6.800000190734863,6.900000095367432,7.0,7.099999904632568,7.099999904632568,7.099999904632568,7.099999904632568,7.099999904632568,7.199999809265137,7.300000190734863,7.300000190734863,7.400000095367432,7.400000095367432,7.400000095367432,7.400000095367432,7.400000095367432,7.400000095367432,7.400000095367432,7.400000095367432,7.300000190734863,7.300000190734863,7.300000190734863,7.300000190734863,7.300000190734863,7.300000190734863,7.300000190734863,7.300000190734863,7.300000190734863,7.300000190734863,7.300000190734863,7.400000095367432,7.5,7.5,7.400000095367432,7.300000190734863,7.199999809265137,7.099999904632568,7.0,7.199999809265137
7.800000190734863,8.0,8.0,7.800000190734863,7.5,7.099999904632568,6.800000190734863,6.599999904632568,6.599999904632568,6.699999809265137,6.800000190734863,6.900000095367432,7.0,7.0,7.0,6.900000095367432,7.0,7.0,7.099999904632568,7.199999809265137,7.199999809265137,7.199999809265137,7.199999809265137,7.199999809265137,7.199999809265137,7.099999904632568,7.099999904632568,7.099999904632568,7.099999904632568,7.099999904632568,7.099999904632568,7.099999904632568,7.199999809265137,7.199999809265137,7.199999809265137,7.199999809265137,7.199999809265137,7.199999809265137,7.300000190734863,7.300000190734863,7.300000190734863,7.300000190734863,7.300000190734863,7.199999809265137,7.099999904632568,7.0,7.0,7.0
