data_weather/step_34.json
{"header": {"nx": 220, "ny": 225, "lo1": 11.000000000000096, "la1": 39.480000000000906, "lo2": 16.475000000000172, "la2": 35.000000000000206, "dx": 0.025000000000000355, "dy": 0.020000000000003126, "scanMode": 0, "refTime": "2026-02-04T10:00:00.000Z", "parameterCategory": 2, "parameterNumber": 3}, "data":
[rows 63 to 83 of 225, columns 94 to 140 of 220]
0.699999988079071,0.10000000149011612,-0.699999988079071,-0.800000011920929,-1.2000000476837158,-1.100000023841858,-1.7000000476837158,-2.4000000953674316,-3.0,-3.5,-3.5,-4.099999904632568,-4.199999809265137,-4.099999904632568,-4.0,-3.700000047683716,-3.299999952316284,-3.0999999046325684,-3.5,-4.199999809265137,-4.599999904632568,-4.800000190734863,-4.300000190734863,-2.9000000953674316,-1.7999999523162842,-0.10000000149011612,1.5,2.5999999046325684,2.9000000953674316,2.5999999046325684,2.0999999046325684,1.2000000476837158,0.800000011920929,1.0,1.7000000476837158,2.200000047683716,2.299999952316284,2.0,1.7999999523162842,1.5,1.2999999523162842,0.8999999761581421,0.4000000059604645,0.10000000149011612,-0.20000000298023224,-0.30000001192092896,-0.20000000298023224
0.5,-1.0,-2.4000000953674316,-2.5999999046325684,-1.899999976158142,-1.5,-2.0999999046325684,-2.9000000953674316,-3.5999999046325684,-3.9000000953674316,-4.199999809265137,-4.5,-4.699999809265137,-4.900000095367432,-5.099999904632568,-5.0,-4.5,-4.300000190734863,-4.599999904632568,-4.900000095367432,-5.400000095367432,-5.099999904632568,-5.099999904632568,-4.199999809265137,-3.0,-1.5,0.800000011920929,2.299999952316284,3.0,2.9000000953674316,2.5,2.299999952316284,2.5999999046325684,3.5,5.199999809265137,5.699999809265137,6.099999904632568,5.599999904632568,4.900000095367432,4.5,3.700000047683716,2.799999952316284,2.0999999046325684,1.100000023841858,1.0,1.0,1.100000023841858
0.30000001192092896,-1.7999999523162842,-2.700000047683716,-2.5999999046325684,-1.5,-1.0,-1.600000023841858,-2.700000047683716,-3.5999999046325684,-3.700000047683716,-3.9000000953674316,-4.199999809265137,-4.699999809265137,-5.5,-6.199999809265137,-6.199999809265137,-5.900000095367432,-5.5,-5.599999904632568,-5.800000190734863,-5.699999809265137,-5.900000095367432,-5.5,-5.400000095367432,-4.5,-3.0999999046325684,-0.4000000059604645,1.399999976158142,2.299999952316284,2.700000047683716,2.9000000953674316,2.9000000953674316,3.4000000953674316,3.799999952316284,5.0,5.5,5.5,5.400000095367432,4.900000095367432,4.900000095367432,4.400000095367432,3.700000047683716,2.700000047683716,1.2999999523162842,0.800000011920929,0.4000000059604645,0.30000001192092896
0.0,-0.20000000298023224,0.6000000238418579,0.6000000238418579,1.0,0.800000011920929,-0.4000000059604645,-1.5,-1.899999976158142,-2.5,-2.5999999046325684,-3.0,-4.099999904632568,-5.599999904632568,-6.599999904632568,-7.0,-6.599999904632568,-6.599999904632568,-6.300000190734863,-6.5,-6.300000190734863,-6.099999904632568,-5.0,-5.0,-5.099999904632568,-4.0,-2.0,0.5,1.399999976158142,2.200000047683716,2.4000000953674316,2.299999952316284,2.299999952316284,2.700000047683716,3.5999999046325684,4.400000095367432,4.099999904632568,3.4000000953674316,2.9000000953674316,2.4000000953674316,1.7999999523162842,0.8999999761581421,0.20000000298023224,-0.5,-1.5,-2.200000047683716,-2.5999999046325684
-0.20000000298023224,0.800000011920929,2.200000047683716,3.0,2.799999952316284,1.7000000476837158,1.5,0.6000000238418579,-0.30000001192092896,-0.6000000238418579,-0.800000011920929,-1.2000000476837158,-3.0999999046325684,-5.0,-6.699999809265137,-7.300000190734863,-7.099999904632568,-7.199999809265137,-7.099999904632568,-7.400000095367432,-6.699999809265137,-5.099999904632568,-3.9000000953674316,-3.799999952316284,-4.699999809265137,-4.400000095367432,-2.9000000953674316,-0.699999988079071,1.2000000476837158,2.5999999046325684,3.0,2.5,2.299999952316284,3.4000000953674316,4.800000190734863,5.099999904632568,4.900000095367432,4.199999809265137,2.799999952316284,1.399999976158142,-0.10000000149011612,-1.0,-1.5,-2.299999952316284,-3.0999999046325684,-4.0,-4.699999809265137
0.20000000298023224,1.2999999523162842,2.799999952316284,3.0,2.299999952316284,1.100000023841858,0.699999988079071,-0.4000000059604645,-1.0,-1.0,-0.699999988079071,-1.100000023841858,-2.4000000953674316,-5.199999809265137,-6.400000095367432,-6.800000190734863,-7.300000190734863,-7.5,-7.599999904632568,-7.099999904632568,-5.800000190734863,-3.9000000953674316,-2.5,-2.299999952316284,-3.5,-4.099999904632568,-4.0,-1.600000023841858,1.100000023841858,3.799999952316284,5.199999809265137,5.400000095367432,6.699999809265137,8.100000381469727,9.5,9.600000381469727,9.399999618530273,9.100000381469727,7.300000190734863,5.400000095367432,3.0999999046325684,1.600000023841858,0.10000000149011612,0.4000000059604645,-0.5,-0.20000000298023224,-0.30000001192092896
0.30000001192092896,1.2999999523162842,2.299999952316284,2.200000047683716,1.100000023841858,0.6000000238418579,-0.699999988079071,-1.2000000476837158,-2.299999952316284,-2.0999999046325684,-3.0,-2.799999952316284,-5.099999904632568,-6.400000095367432,-5.5,-4.699999809265137,-4.800000190734863,-5.800000190734863,-6.800000190734863,-6.199999809265137,-4.900000095367432,-2.700000047683716,-1.100000023841858,-0.800000011920929,-1.7000000476837158,-4.199999809265137,-4.599999904632568,-3.4000000953674316,0.4000000059604645,3.5,8.199999809265137,10.600000381469727,12.399999618530273,13.5,13.399999618530273,12.699999809265137,13.0,13.0,12.199999809265137,10.899999618530273,9.800000190734863,9.800000190734863,9.399999618530273,10.5,9.600000381469727,9.600000381469727,9.800000190734863
0.4000000059604645,0.5,0.699999988079071,1.5,1.399999976158142,0.30000001192092896,-1.0,-1.7000000476837158,-2.9000000953674316,-4.0,-6.300000190734863,-7.0,-8.600000381469727,-7.0,-3.5999999046325684,-0.6000000238418579,-0.30000001192092896,-3.0999999046325684,-5.400000095367432,-5.400000095367432,-4.0,-0.800000011920929,1.2999999523162842,2.200000047683716,1.2000000476837158,-2.5999999046325684,-5.300000190734863,-5.199999809265137,-2.700000047683716,2.0999999046325684,7.599999904632568,10.699999809265137,14.199999809265137,15.199999809265137,14.600000381469727,13.899999618530273,14.300000190734863,14.600000381469727,14.399999618530273,14.300000190734863,14.0,14.199999809265137,14.199999809265137,15.399999618530273,15.800000190734863,15.199999809265137,14.5
0.20000000298023224,-0.0,0.800000011920929,1.399999976158142,1.0,1.2000000476837158,-0.0,-1.399999976158142,-3.799999952316284,-6.900000095367432,-7.5,-7.699999809265137,-4.800000190734863,-2.5,1.899999976158142,2.299999952316284,2.799999952316284,0.800000011920929,-1.2000000476837158,-1.600000023841858,-0.20000000298023224,2.299999952316284,4.199999809265137,5.099999904632568,5.300000190734863,-0.20000000298023224,-4.900000095367432,-6.5,-3.799999952316284,2.799999952316284,9.399999618530273,12.699999809265137,14.199999809265137,14.5,13.800000190734863,13.399999618530273,13.899999618530273,14.800000190734863,14.800000190734863,15.100000381469727,15.399999618530273,15.399999618530273,15.100000381469727,14.899999618530273,14.899999618530273,14.399999618530273,13.5
-1.2999999523162842,-1.2999999523162842,-1.2999999523162842,-0.6000000238418579,0.20000000298023224,1.600000023841858,1.899999976158142,1.5,-0.5,-3.5,-3.0,-0.8999999761581421,4.300000190734863,6.599999904632568,7.900000095367432,5.599999904632568,5.199999809265137,4.300000190734863,3.799999952316284,3.5,4.699999809265137,5.900000095367432,6.300000190734863,7.099999904632568,9.5,5.900000095367432,0.30000001192092896,-4.300000190734863,-0.6000000238418579,6.599999904632568,12.0,14.399999618530273,13.699999809265137,14.600000381469727,13.600000381469727,13.300000190734863,13.899999618530273,15.699999809265137,15.399999618530273,15.100000381469727,14.800000190734863,14.5,13.699999809265137,13.199999809265137,13.300000190734863,12.899999618530273,11.199999809265137
-1.399999976158142,-0.8999999761581421,-1.5,-1.7999999523162842,-0.699999988079071,0.6000000238418579,1.7000000476837158,3.299999952316284,3.9000000953674316,3.5999999046325684,4.5,6.199999809265137,8.600000381469727,9.0,7.599999904632568,6.599999904632568,6.699999809265137,7.199999809265137,7.0,7.300000190734863,8.300000190734863,9.300000190734863,8.699999809265137,8.399999618530273,8.899999618530273,10.199999809265137,7.699999809265137,5.099999904632568,4.199999809265137,9.600000381469727,12.5,13.399999618530273,12.100000381469727,13.600000381469727,13.600000381469727,12.800000190734863,13.5,15.199999809265137,15.0,13.800000190734863,13.100000381469727,12.899999618530273,11.600000381469727,11.199999809265137,12.199999809265137,12.300000190734863,10.600000381469727
-1.0,-0.800000011920929,-0.6000000238418579,-1.0,-0.8999999761581421,-0.0,1.5,2.9000000953674316,4.400000095367432,4.699999809265137,6.199999809265137,7.199999809265137,7.800000190734863,7.699999809265137,7.199999809265137,7.599999904632568,8.600000381469727,8.600000381469727,8.0,8.300000190734863,9.100000381469727,10.300000190734863,10.300000190734863,10.100000381469727,10.5,12.300000190734863,11.399999618530273,10.100000381469727,8.399999618530273,9.199999809265137,10.600000381469727,11.899999618530273,12.800000190734863,13.5,13.699999809265137,13.600000381469727,13.5,14.399999618530273,13.800000190734863,12.600000381469727,12.300000190734863,12.899999618530273,11.399999618530273,10.800000190734863,12.100000381469727,11.300000190734863,10.100000381469727
-1.399999976158142,-1.2000000476837158,-0.699999988079071,-0.0,-0.30000001192092896,0.10000000149011612,1.0,1.7999999523162842,4.099999904632568,5.400000095367432,7.099999904632568,8.300000190734863,8.600000381469727,7.699999809265137,7.599999904632568,8.300000190734863,9.5,9.0,8.600000381469727,8.300000190734863,10.0,11.300000190734863,12.0,11.600000381469727,11.899999618530273,11.600000381469727,11.100000381469727,9.600000381469727,9.199999809265137,9.399999618530273,11.0,11.399999618530273,11.600000381469727,11.300000190734863,13.100000381469727,13.899999618530273,13.600000381469727,12.699999809265137,13.600000381469727,13.0,12.199999809265137,12.600000381469727,11.100000381469727,9.899999618530273,10.100000381469727,11.100000381469727,9.399999618530273
0.20000000298023224,0.6000000238418579,0.6000000238418579,0.8999999761581421,-0.30000001192092896,-0.6000000238418579,-0.699999988079071,1.899999976158142,4.099999904632568,6.699999809265137,7.900000095367432,8.199999809265137,9.399999618530273,9.800000190734863,10.100000381469727,10.300000190734863,9.899999618530273,8.899999618530273,8.699999809265137,9.0,10.5,11.699999809265137,12.199999809265137,11.399999618530273,11.899999618530273,11.899999618530273,12.300000190734863,9.0,8.800000190734863,10.300000190734863,11.0,11.600000381469727,12.0,11.699999809265137,13.0,13.699999809265137,12.5,11.0,11.100000381469727,12.0,10.800000190734863,10.899999618530273,10.399999618530273,9.300000190734863,9.100000381469727,10.699999809265137,9.600000381469727
0.0,1.399999976158142,1.899999976158142,1.899999976158142,0.5,-0.699999988079071,-0.699999988079071,-0.699999988079071,5.300000190734863,7.300000190734863,8.5,8.600000381469727,8.699999809265137,9.800000190734863,11.5,11.899999618530273,10.800000190734863,9.399999618530273,8.800000190734863,9.0,9.800000190734863,10.699999809265137,11.300000190734863,11.399999618530273,11.100000381469727,11.899999618530273,11.699999809265137,10.300000190734863,10.199999809265137,12.199999809265137,10.699999809265137,10.399999618530273,11.199999809265137,12.100000381469727,12.800000190734863,13.100000381469727,11.300000190734863,10.199999809265137,10.399999618530273,10.600000381469727,9.600000381469727,9.100000381469727,9.300000190734863,9.100000381469727,8.300000190734863,8.399999618530273,8.100000381469727
-0.30000001192092896,1.399999976158142,2.200000047683716,1.600000023841858,1.2999999523162842,-0.800000011920929,-1.2000000476837158,-0.4000000059604645,5.400000095367432,5.800000190734863,6.900000095367432,7.400000095367432,8.199999809265137,8.600000381469727,8.800000190734863,8.399999618530273,8.0,8.0,8.100000381469727,8.899999618530273,9.100000381469727,9.0,10.100000381469727,10.300000190734863,10.300000190734863,11.0,14.199999809265137,13.5,12.5,11.600000381469727,10.100000381469727,9.300000190734863,10.100000381469727,11.399999618530273,12.300000190734863,11.699999809265137,10.699999809265137,9.600000381469727,9.5,9.300000190734863,9.800000190734863,9.5,9.199999809265137,8.800000190734863,8.100000381469727,7.900000095367432,7.599999904632568
0.800000011920929,1.2999999523162842,1.399999976158142,0.8999999761581421,0.4000000059604645,-1.399999976158142,-0.6000000238418579,2.200000047683716,4.099999904632568,5.5,6.699999809265137,7.800000190734863,8.600000381469727,8.399999618530273,8.199999809265137,7.5,7.599999904632568,8.100000381469727,7.800000190734863,8.0,7.699999809265137,7.599999904632568,9.600000381469727,11.100000381469727,11.300000190734863,10.399999618530273,11.899999618530273,13.199999809265137,12.600000381469727,11.399999618530273,10.199999809265137,9.300000190734863,9.800000190734863,9.800000190734863,9.899999618530273,9.600000381469727,10.300000190734863,9.399999618530273,9.800000190734863,8.699999809265137,9.600000381469727,10.300000190734863,10.199999809265137,8.899999618530273,7.900000095367432,8.399999618530273,7.900000095367432
1.7000000476837158,1.899999976158142,1.399999976158142,0.10000000149011612,-1.7999999523162842,-2.5999999046325684,-1.7000000476837158,2.299999952316284,6.5,6.699999809265137,6.800000190734863,7.599999904632568,8.800000190734863,8.800000190734863,8.399999618530273,7.800000190734863,8.300000190734863,8.899999618530273,8.899999618530273,8.699999809265137,7.199999809265137,7.099999904632568,8.199999809265137,9.899999618530273,12.399999618530273,12.600000381469727,12.0,10.100000381469727,10.399999618530273,10.199999809265137,11.0,10.0,9.199999809265137,8.100000381469727,7.199999809265137,7.599999904632568,9.100000381469727,9.800000190734863,8.699999809265137,7.400000095367432,6.800000190734863,8.300000190734863,9.600000381469727,9.199999809265137,8.5,8.199999809265137,6.900000095367432
1.399999976158142,2.299999952316284,2.0999999046325684,0.5,-1.2000000476837158,-2.5999999046325684,-0.30000001192092896,2.4000000953674316,5.699999809265137,7.0,7.300000190734863,8.0,8.0,7.900000095367432,7.800000190734863,8.600000381469727,9.0,9.399999618530273,8.899999618530273,9.300000190734863,7.5,6.699999809265137,6.800000190734863,8.100000381469727,8.600000381469727,8.800000190734863,9.5,9.800000190734863,10.100000381469727,10.5,10.800000190734863,10.399999618530273,8.800000190734863,8.199999809265137,7.5,6.900000095367432,7.199999809265137,8.100000381469727,7.099999904632568,5.900000095367432,5.0,5.5,5.800000190734863,6.599999904632568,6.800000190734863,6.400000095367432,6.0
0.20000000298023224,0.10000000149011612,-0.800000011920929,-1.2000000476837158,-1.5,-0.0,1.899999976158142,3.5999999046325684,4.599999904632568,5.300000190734863,6.599999904632568,7.099999904632568,7.900000095367432,8.199999809265137,7.699999809265137,8.399999618530273,9.100000381469727,9.600000381469727,9.600000381469727,8.800000190734863,7.800000190734863,6.800000190734863,7.0,5.199999809265137,4.300000190734863,4.400000095367432,7.900000095367432,10.0,10.5,11.100000381469727,10.399999618530273,10.899999618530273,10.399999618530273,8.800000190734863,8.100000381469727,7.199999809265137,7.0,7.800000190734863,8.300000190734863,8.399999618530273,7.800000190734863,7.099999904632568,6.400000095367432,5.300000190734863,5.599999904632568,5.5,5.5
-0.20000000298023224,-0.6000000238418579,-2.200000047683716,-4.099999904632568,-3.700000047683716,-1.5,1.2999999523162842,4.199999809265137,5.300000190734863,5.599999904632568,6.800000190734863,7.5,8.0,8.600000381469727,8.199999809265137,8.399999618530273,8.899999618530273,9.199999809265137,10.0,10.399999618530273,10.100000381469727,9.399999618530273,8.899999618530273,7.400000095367432,5.900000095367432,4.800000190734863,6.5,7.699999809265137,8.399999618530273,7.699999809265137,8.199999809265137,8.899999618530273,9.100000381469727,8.899999618530273,8.199999809265137,7.099999904632568,7.0,6.800000190734863,7.199999809265137,7.199999809265137,7.099999904632568,6.900000095367432,6.199999809265137,5.400000095367432,5.400000095367432,5.900000095367432,5.900000095367432
