data_weather/step_23.json
{"header": {"nx": 220, "ny": 225, "lo1": 11.000000000000096, "la1": 39.480000000000906, "lo2": 16.475000000000172, "la2": 35.000000000000206, "dx": 0.025000000000000355, "dy": 0.020000000000003126, "refTime": "2026-02-07T23:00:00.000Z", "parameterCategory": 2, "parameterNumber": 2}, "data":
[rows 0 to 20 of 225, columns 0 to 46 of 220]
12.800000190734863,12.600000381469727,12.5,12.399999618530273,12.300000190734863,12.199999809265137,12.100000381469727,12.0,11.899999618530273,11.800000190734863,11.699999809265137,11.699999809265137,11.600000381469727,11.5,11.399999618530273,11.300000190734863,11.300000190734863,11.300000190734863,11.399999618530273,11.399999618530273,11.5,11.600000381469727,11.600000381469727,11.600000381469727,11.600000381469727,11.600000381469727,11.600000381469727,11.600000381469727,11.600000381469727,11.600000381469727,11.600000381469727,11.600000381469727,11.699999809265137,12.0,12.199999809265137,12.5,12.699999809265137,12.699999809265137,12.600000381469727,12.399999618530273,12.300000190734863,12.100000381469727,11.899999618530273,11.600000381469727,11.399999618530273,11.199999809265137,11.0
12.800000190734863,12.600000381469727,12.5,12.399999618530273,12.300000190734863,12.199999809265137,12.100000381469727,12.0,11.800000190734863,11.699999809265137,11.600000381469727,11.600000381469727,11.5,11.399999618530273,11.300000190734863,11.199999809265137,11.100000381469727,11.100000381469727,11.100000381469727,11.199999809265137,11.300000190734863,11.300000190734863,11.300000190734863,11.399999618530273,11.399999618530273,11.5,11.5,11.5,11.5,11.5,11.5,11.5,11.600000381469727,11.699999809265137,12.0,12.300000190734863,12.600000381469727,12.699999809265137,12.699999809265137,12.600000381469727,12.399999618530273,12.199999809265137,11.899999618530273,11.699999809265137,11.5,11.199999809265137,11.100000381469727
12.800000190734863,12.600000381469727,12.5,12.399999618530273,12.300000190734863,12.199999809265137,12.100000381469727,11.899999618530273,11.800000190734863,11.699999809265137,11.600000381469727,11.5,11.5,11.399999618530273,11.300000190734863,11.100000381469727,11.0,10.899999618530273,10.899999618530273,11.0,11.100000381469727,11.100000381469727,11.199999809265137,11.199999809265137,11.300000190734863,11.399999618530273,11.399999618530273,11.399999618530273,11.5,11.5,11.5,11.5,11.5,11.600000381469727,11.800000190734863,12.100000381469727,12.399999618530273,12.699999809265137,12.800000190734863,12.800000190734863,12.600000381469727,12.300000190734863,12.0,11.699999809265137,11.5,11.300000190734863,11.100000381469727
12.699999809265137,12.600000381469727,12.5,12.399999618530273,12.300000190734863,12.199999809265137,12.100000381469727,11.899999618530273,11.800000190734863,11.699999809265137,11.600000381469727,11.5,11.5,11.5,11.399999618530273,11.199999809265137,11.100000381469727,11.0,11.0,11.0,11.0,11.0,11.0,11.100000381469727,11.199999809265137,11.300000190734863,11.300000190734863,11.399999618530273,11.399999618530273,11.399999618530273,11.399999618530273,11.399999618530273,11.399999618530273,11.399999618530273,11.5,11.800000190734863,12.199999809265137,12.600000381469727,12.800000190734863,12.899999618530273,12.699999809265137,12.399999618530273,12.100000381469727,11.800000190734863,11.600000381469727,11.399999618530273,11.199999809265137
12.699999809265137,12.600000381469727,12.5,12.399999618530273,12.300000190734863,12.199999809265137,12.0,11.899999618530273,11.800000190734863,11.699999809265137,11.699999809265137,11.600000381469727,11.600000381469727,11.5,11.5,11.399999618530273,11.300000190734863,11.300000190734863,11.199999809265137,11.199999809265137,11.100000381469727,11.0,11.0,11.0,11.0,11.100000381469727,11.199999809265137,11.199999809265137,11.300000190734863,11.300000190734863,11.399999618530273,11.399999618530273,11.399999618530273,11.300000190734863,11.399999618530273,11.600000381469727,11.899999618530273,12.300000190734863,12.699999809265137,12.899999618530273,12.800000190734863,12.600000381469727,12.300000190734863,11.899999618530273,11.600000381469727,11.399999618530273,11.300000190734863
12.699999809265137,12.600000381469727,12.5,12.399999618530273,12.199999809265137,12.100000381469727,12.0,11.899999618530273,11.800000190734863,11.699999809265137,11.600000381469727,11.600000381469727,11.600000381469727,11.600000381469727,11.600000381469727,11.600000381469727,11.600000381469727,11.5,11.399999618530273,11.199999809265137,11.100000381469727,11.0,10.899999618530273,10.899999618530273,10.899999618530273,11.0,11.100000381469727,11.100000381469727,11.199999809265137,11.199999809265137,11.300000190734863,11.300000190734863,11.399999618530273,11.300000190734863,11.300000190734863,11.399999618530273,11.699999809265137,12.100000381469727,12.5,12.899999618530273,12.899999618530273,12.699999809265137,12.399999618530273,12.100000381469727,11.800000190734863,11.5,11.300000190734863
12.699999809265137,12.600000381469727,12.5,12.300000190734863,12.199999809265137,12.100000381469727,12.0,11.899999618530273,11.800000190734863,11.699999809265137,11.600000381469727,11.5,11.5,11.5,11.5,11.600000381469727,11.5,11.5,11.399999618530273,11.300000190734863,11.199999809265137,11.0,10.899999618530273,10.899999618530273,10.899999618530273,10.899999618530273,11.0,11.100000381469727,11.100000381469727,11.100000381469727,11.199999809265137,11.300000190734863,11.399999618530273,11.300000190734863,11.300000190734863,11.300000190734863,11.399999618530273,11.800000190734863,12.300000190734863,12.699999809265137,12.899999618530273,12.800000190734863,12.5,12.199999809265137,11.899999618530273,11.600000381469727,11.399999618530273
12.699999809265137,12.600000381469727,12.5,12.300000190734863,12.199999809265137,12.199999809265137,12.100000381469727,12.0,12.0,11.899999618530273,11.699999809265137,11.600000381469727,11.5,11.600000381469727,11.600000381469727,11.5,11.5,11.399999618530273,11.399999618530273,11.399999618530273,11.199999809265137,11.100000381469727,11.0,10.899999618530273,10.899999618530273,10.899999618530273,11.0,11.100000381469727,11.0,11.100000381469727,11.199999809265137,11.300000190734863,11.399999618530273,11.399999618530273,11.300000190734863,11.199999809265137,11.300000190734863,11.600000381469727,12.0,12.5,12.899999618530273,12.899999618530273,12.699999809265137,12.399999618530273,12.0,11.699999809265137,11.5
12.699999809265137,12.699999809265137,12.600000381469727,12.5,12.399999618530273,12.300000190734863,12.300000190734863,12.199999809265137,12.199999809265137,12.100000381469727,11.899999618530273,11.800000190734863,11.699999809265137,11.699999809265137,11.600000381469727,11.5,11.5,11.5,11.5,11.399999618530273,11.300000190734863,11.199999809265137,11.100000381469727,10.899999618530273,10.899999618530273,10.899999618530273,11.0,11.0,11.0,11.100000381469727,11.199999809265137,11.300000190734863,11.399999618530273,11.399999618530273,11.399999618530273,11.300000190734863,11.199999809265137,11.399999618530273,11.800000190734863,12.300000190734863,12.699999809265137,12.899999618530273,12.800000190734863,12.5,12.199999809265137,11.899999618530273,11.600000381469727
12.699999809265137,12.699999809265137,12.699999809265137,12.699999809265137,12.600000381469727,12.600000381469727,12.5,12.399999618530273,12.300000190734863,12.300000190734863,12.100000381469727,12.0,11.800000190734863,11.699999809265137,11.600000381469727,11.5,11.399999618530273,11.399999618530273,11.399999618530273,11.399999618530273,11.399999618530273,11.300000190734863,11.100000381469727,11.0,11.0,11.0,11.0,11.0,11.100000381469727,11.100000381469727,11.300000190734863,11.399999618530273,11.399999618530273,11.399999618530273,11.399999618530273,11.300000190734863,11.300000190734863,11.399999618530273,11.699999809265137,12.100000381469727,12.5,12.800000190734863,12.800000190734863,12.600000381469727,12.300000190734863,12.0,11.699999809265137
12.800000190734863,12.899999618530273,12.899999618530273,12.899999618530273,12.899999618530273,12.899999618530273,12.800000190734863,12.699999809265137,12.600000381469727,12.5,12.300000190734863,12.199999809265137,12.0,11.899999618530273,11.800000190734863,11.600000381469727,11.5,11.5,11.5,11.5,11.399999618530273,11.300000190734863,11.199999809265137,11.100000381469727,11.100000381469727,11.0,11.0,11.100000381469727,11.100000381469727,11.199999809265137,11.300000190734863,11.399999618530273,11.5,11.5,11.5,11.399999618530273,11.399999618530273,11.399999618530273,11.600000381469727,11.899999618530273,12.300000190734863,12.699999809265137,12.800000190734863,12.699999809265137,12.399999618530273,12.100000381469727,11.800000190734863
12.899999618530273,13.0,13.100000381469727,13.199999809265137,13.199999809265137,13.199999809265137,13.100000381469727,13.0,12.899999618530273,12.699999809265137,12.600000381469727,12.399999618530273,12.199999809265137,12.100000381469727,11.899999618530273,11.800000190734863,11.699999809265137,11.600000381469727,11.600000381469727,11.600000381469727,11.5,11.5,11.399999618530273,11.199999809265137,11.199999809265137,11.100000381469727,11.100000381469727,11.100000381469727,11.199999809265137,11.300000190734863,11.399999618530273,11.399999618530273,11.5,11.5,11.5,11.5,11.5,11.5,11.600000381469727,11.800000190734863,12.199999809265137,12.5,12.699999809265137,12.699999809265137,12.5,12.199999809265137,11.899999618530273
13.100000381469727,13.199999809265137,13.300000190734863,13.399999618530273,13.399999618530273,13.399999618530273,13.399999618530273,13.300000190734863,13.199999809265137,13.100000381469727,12.899999618530273,12.699999809265137,12.5,12.300000190734863,12.199999809265137,12.0,11.899999618530273,11.800000190734863,11.800000190734863,11.699999809265137,11.600000381469727,11.600000381469727,11.5,11.399999618530273,11.300000190734863,11.199999809265137,11.199999809265137,11.199999809265137,11.300000190734863,11.300000190734863,11.399999618530273,11.5,11.5,11.5,11.5,11.600000381469727,11.5,11.5,11.600000381469727,11.699999809265137,12.0,12.300000190734863,12.600000381469727,12.699999809265137,12.600000381469727,12.300000190734863,12.0
13.399999618530273,13.399999618530273,13.5,13.5,13.5,13.5,13.5,13.5,13.5,13.399999618530273,13.199999809265137,13.0,12.800000190734863,12.600000381469727,12.399999618530273,12.300000190734863,12.100000381469727,12.0,11.899999618530273,11.899999618530273,11.800000190734863,11.699999809265137,11.600000381469727,11.5,11.399999618530273,11.399999618530273,11.300000190734863,11.300000190734863,11.300000190734863,11.399999618530273,11.399999618530273,11.5,11.5,11.5,11.600000381469727,11.600000381469727,11.600000381469727,11.600000381469727,11.600000381469727,11.699999809265137,11.899999618530273,12.199999809265137,12.399999618530273,12.600000381469727,12.5,12.399999618530273,12.100000381469727
13.600000381469727,13.600000381469727,13.600000381469727,13.699999809265137,13.699999809265137,13.600000381469727,13.600000381469727,13.600000381469727,13.600000381469727,13.5,13.399999618530273,13.300000190734863,13.100000381469727,12.899999618530273,12.699999809265137,12.600000381469727,12.399999618530273,12.300000190734863,12.199999809265137,12.100000381469727,12.0,11.899999618530273,11.800000190734863,11.699999809265137,11.600000381469727,11.5,11.399999618530273,11.399999618530273,11.399999618530273,11.399999618530273,11.399999618530273,11.5,11.5,11.5,11.600000381469727,11.600000381469727,11.699999809265137,11.699999809265137,11.699999809265137,11.699999809265137,11.800000190734863,12.0,12.300000190734863,12.399999618530273,12.399999618530273,12.399999618530273,12.199999809265137
13.800000190734863,13.800000190734863,13.800000190734863,13.800000190734863,13.699999809265137,13.699999809265137,13.600000381469727,13.600000381469727,13.600000381469727,13.600000381469727,13.5,13.399999618530273,13.300000190734863,13.100000381469727,13.0,12.800000190734863,12.699999809265137,12.5,12.399999618530273,12.300000190734863,12.199999809265137,12.199999809265137,12.100000381469727,11.899999618530273,11.800000190734863,11.699999809265137,11.600000381469727,11.5,11.399999618530273,11.399999618530273,11.399999618530273,11.5,11.5,11.5,11.600000381469727,11.699999809265137,11.699999809265137,11.699999809265137,11.699999809265137,11.699999809265137,11.800000190734863,11.899999618530273,12.100000381469727,12.199999809265137,12.300000190734863,12.300000190734863,12.199999809265137
13.899999618530273,13.899999618530273,13.899999618530273,13.800000190734863,13.800000190734863,13.699999809265137,13.600000381469727,13.600000381469727,13.5,13.5,13.5,13.5,13.399999618530273,13.300000190734863,13.100000381469727,13.0,12.899999618530273,12.699999809265137,12.600000381469727,12.5,12.5,12.399999618530273,12.300000190734863,12.199999809265137,12.0,11.899999618530273,11.800000190734863,11.699999809265137,11.600000381469727,11.5,11.399999618530273,11.5,11.5,11.5,11.600000381469727,11.699999809265137,11.699999809265137,11.699999809265137,11.699999809265137,11.699999809265137,11.800000190734863,11.899999618530273,12.0,12.100000381469727,12.199999809265137,12.199999809265137,12.100000381469727
13.899999618530273,13.899999618530273,13.899999618530273,13.800000190734863,13.800000190734863,13.699999809265137,13.600000381469727,13.5,13.399999618530273,13.399999618530273,13.399999618530273,13.399999618530273,13.300000190734863,13.199999809265137,13.199999809265137,13.100000381469727,13.0,12.899999618530273,12.800000190734863,12.699999809265137,12.699999809265137,12.600000381469727,12.399999618530273,12.300000190734863,12.199999809265137,12.100000381469727,11.899999618530273,11.800000190734863,11.699999809265137,11.600000381469727,11.5,11.5,11.5,11.5,11.600000381469727,11.600000381469727,11.699999809265137,11.699999809265137,11.699999809265137,11.699999809265137,11.800000190734863,11.800000190734863,11.899999618530273,12.0,12.0,12.100000381469727,12.0
13.800000190734863,13.800000190734863,13.800000190734863,13.800000190734863,13.699999809265137,13.600000381469727,13.5,13.399999618530273,13.300000190734863,13.300000190734863,13.300000190734863,13.300000190734863,13.199999809265137,13.199999809265137,13.100000381469727,13.0,13.0,13.0,12.899999618530273,12.899999618530273,12.800000190734863,12.699999809265137,12.600000381469727,12.5,12.300000190734863,12.199999809265137,12.100000381469727,11.899999618530273,11.800000190734863,11.600000381469727,11.5,11.5,11.5,11.5,11.5,11.600000381469727,11.600000381469727,11.699999809265137,11.699999809265137,11.699999809265137,11.699999809265137,11.800000190734863,11.800000190734863,11.899999618530273,11.899999618530273,12.0,12.0
13.600000381469727,13.600000381469727,13.600000381469727,13.600000381469727,13.5,13.399999618530273,13.300000190734863,13.199999809265137,13.100000381469727,13.100000381469727,13.100000381469727,13.100000381469727,13.100000381469727,13.0,13.0,12.899999618530273,12.899999618530273,12.899999618530273,12.899999618530273,12.899999618530273,12.899999618530273,12.800000190734863,12.699999809265137,12.600000381469727,12.399999618530273,12.300000190734863,12.199999809265137,12.0,11.899999618530273,11.699999809265137,11.600000381469727,11.5,11.5,11.5,11.5,11.5,11.600000381469727,11.600000381469727,11.699999809265137,11.699999809265137,11.699999809265137,11.800000190734863,11.800000190734863,11.800000190734863,11.800000190734863,11.899999618530273,11.899999618530273
13.300000190734863,13.300000190734863,13.300000190734863,13.300000190734863,13.300000190734863,13.199999809265137,13.100000381469727,13.0,13.0,12.899999618530273,12.899999618530273,12.899999618530273,12.899999618530273,12.800000190734863,12.800000190734863,12.800000190734863,12.800000190734863,12.800000190734863,12.800000190734863,12.899999618530273,12.800000190734863,12.800000190734863,12.699999809265137,12.600000381469727,12.5,12.399999618530273,12.199999809265137,12.100000381469727,11.899999618530273,11.800000190734863,11.699999809265137,11.5,11.5,11.399999618530273,11.399999618530273,11.5,11.5,11.600000381469727,11.600000381469727,11.699999809265137,11.699999809265137,11.699999809265137,11.800000190734863,11.800000190734863,11.800000190734863,11.800000190734863,11.800000190734863
