data_weather/step_18.json
{"header": {"nx": 220, "ny": 225, "lo1": 11.000000000000096, "la1": 39.480000000000906, "lo2": 16.475000000000172, "la2": 35.000000000000206, "dx": 0.025000000000000355, "dy": 0.020000000000003126, "refTime": "2026-02-04T06:00:00.000Z", "parameterCategory": 2, "parameterNumber": 3}, "data":
[rows 126 to 146 of 225, columns 94 to 140 of 220]
5.300000190734863,4.5,3.5999999046325684,2.9000000953674316,2.4000000953674316,2.4000000953674316,2.4000000953674316,2.5999999046325684,2.700000047683716,2.9000000953674316,2.799999952316284,3.299999952316284,4.0,5.0,5.800000190734863,6.400000095367432,6.599999904632568,6.800000190734863,6.800000190734863,6.599999904632568,6.400000095367432,6.300000190734863,6.300000190734863,6.599999904632568,7.099999904632568,7.699999809265137,8.0,8.100000381469727,8.300000190734863,8.600000381469727,8.800000190734863,9.100000381469727,9.199999809265137,8.899999618530273,8.5,8.100000381469727,8.0,8.600000381469727,8.800000190734863,8.899999618530273,8.699999809265137,7.400000095367432,6.5,6.099999904632568,6.0,6.0,5.800000190734863
5.699999809265137,5.199999809265137,4.5,3.799999952316284,3.299999952316284,3.200000047683716,3.200000047683716,3.0999999046325684,3.200000047683716,3.0999999046325684,2.799999952316284,2.799999952316284,3.4000000953674316,4.5,5.400000095367432,6.199999809265137,6.5,6.5,6.400000095367432,6.099999904632568,6.0,6.199999809265137,6.5,6.900000095367432,7.400000095367432,7.900000095367432,8.100000381469727,8.199999809265137,8.300000190734863,8.5,8.800000190734863,8.800000190734863,8.5,8.100000381469727,7.800000190734863,7.5,7.5,7.699999809265137,7.900000095367432,8.100000381469727,8.199999809265137,7.800000190734863,6.5,6.0,5.800000190734863,5.900000095367432,6.0
5.599999904632568,5.300000190734863,4.900000095367432,4.400000095367432,4.199999809265137,4.0,4.099999904632568,3.9000000953674316,4.0,3.5999999046325684,2.9000000953674316,2.5,2.9000000953674316,4.0,5.099999904632568,6.0,6.300000190734863,6.199999809265137,5.900000095367432,5.699999809265137,5.699999809265137,6.099999904632568,6.599999904632568,7.099999904632568,7.599999904632568,7.900000095367432,8.0,8.100000381469727,8.300000190734863,8.399999618530273,8.399999618530273,8.199999809265137,7.800000190734863,7.699999809265137,7.699999809265137,7.599999904632568,7.599999904632568,7.400000095367432,7.5,7.800000190734863,7.699999809265137,7.400000095367432,6.5,5.699999809265137,5.400000095367432,5.699999809265137,6.199999809265137
5.300000190734863,5.0,4.699999809265137,4.699999809265137,4.5,4.599999904632568,4.5,4.5,4.5,3.9000000953674316,2.9000000953674316,2.0999999046325684,2.299999952316284,3.299999952316284,4.5,5.5,6.0,5.800000190734863,5.599999904632568,5.400000095367432,5.599999904632568,6.099999904632568,6.599999904632568,7.199999809265137,7.599999904632568,7.800000190734863,7.900000095367432,8.0,8.100000381469727,8.199999809265137,8.0,7.699999809265137,7.300000190734863,7.300000190734863,7.5,7.699999809265137,7.800000190734863,7.599999904632568,7.300000190734863,7.099999904632568,6.900000095367432,6.599999904632568,6.0,5.199999809265137,4.800000190734863,5.5,6.699999809265137
5.300000190734863,4.599999904632568,4.300000190734863,4.5,4.300000190734863,4.599999904632568,4.5,4.599999904632568,4.400000095367432,4.099999904632568,3.0,1.899999976158142,1.7000000476837158,2.5,3.700000047683716,4.599999904632568,5.099999904632568,5.199999809265137,5.0,5.099999904632568,5.300000190734863,6.0,6.5,7.0,7.300000190734863,7.5,7.599999904632568,7.800000190734863,7.900000095367432,7.800000190734863,7.599999904632568,7.400000095367432,7.199999809265137,7.199999809265137,7.300000190734863,7.5,7.699999809265137,7.5,7.199999809265137,6.699999809265137,6.300000190734863,6.0,5.5,5.199999809265137,4.699999809265137,5.300000190734863,5.900000095367432
5.400000095367432,4.5,3.9000000953674316,3.5999999046325684,3.799999952316284,4.099999904632568,4.300000190734863,4.400000095367432,4.5,4.0,3.0999999046325684,2.0999999046325684,1.7000000476837158,2.0999999046325684,3.200000047683716,4.0,4.5,4.599999904632568,4.699999809265137,4.699999809265137,5.099999904632568,5.800000190734863,6.400000095367432,6.800000190734863,6.900000095367432,7.0,7.099999904632568,7.300000190734863,7.400000095367432,7.400000095367432,7.300000190734863,7.300000190734863,7.400000095367432,7.5,7.599999904632568,7.599999904632568,7.5,7.199999809265137,6.800000190734863,6.400000095367432,6.0,5.599999904632568,5.400000095367432,5.400000095367432,5.099999904632568,5.0,5.400000095367432
5.900000095367432,4.699999809265137,3.9000000953674316,3.299999952316284,3.5,3.700000047683716,4.0,4.300000190734863,4.5,4.099999904632568,3.4000000953674316,2.4000000953674316,1.899999976158142,2.299999952316284,3.0999999046325684,3.9000000953674316,4.199999809265137,4.300000190734863,4.400000095367432,4.599999904632568,5.099999904632568,5.699999809265137,6.199999809265137,6.400000095367432,6.5,6.5,6.599999904632568,6.699999809265137,6.800000190734863,6.900000095367432,7.0,7.099999904632568,7.300000190734863,7.5,7.599999904632568,7.400000095367432,7.099999904632568,6.699999809265137,6.300000190734863,6.099999904632568,5.800000190734863,5.599999904632568,5.400000095367432,5.400000095367432,5.099999904632568,4.5,4.400000095367432
6.0,5.199999809265137,4.099999904632568,3.5999999046325684,3.5,3.700000047683716,4.099999904632568,4.5,4.800000190734863,4.599999904632568,3.9000000953674316,3.0,2.4000000953674316,2.700000047683716,3.5,4.0,4.300000190734863,4.099999904632568,4.199999809265137,4.699999809265137,5.099999904632568,5.699999809265137,5.900000095367432,6.0,6.099999904632568,6.0,6.099999904632568,6.300000190734863,6.400000095367432,6.599999904632568,6.699999809265137,6.800000190734863,7.0,7.099999904632568,7.099999904632568,6.900000095367432,6.5,6.099999904632568,5.800000190734863,5.699999809265137,5.599999904632568,5.5,5.400000095367432,5.199999809265137,4.800000190734863,3.9000000953674316,3.200000047683716
6.300000190734863,5.599999904632568,4.599999904632568,3.9000000953674316,3.700000047683716,4.099999904632568,4.599999904632568,5.0,5.199999809265137,4.900000095367432,4.199999809265137,3.299999952316284,3.0,3.200000047683716,4.0,4.400000095367432,4.400000095367432,4.099999904632568,4.199999809265137,4.599999904632568,5.199999809265137,5.5,5.699999809265137,5.800000190734863,5.699999809265137,5.699999809265137,6.0,6.199999809265137,6.400000095367432,6.400000095367432,6.5,6.5,6.599999904632568,6.599999904632568,6.400000095367432,6.099999904632568,5.800000190734863,5.5,5.300000190734863,5.300000190734863,5.300000190734863,5.400000095367432,5.300000190734863,4.800000190734863,4.300000190734863,3.200000047683716,2.299999952316284
6.400000095367432,6.0,5.300000190734863,4.800000190734863,4.699999809265137,5.0,5.400000095367432,5.699999809265137,5.400000095367432,4.800000190734863,4.0,3.299999952316284,3.0999999046325684,3.5,4.099999904632568,4.400000095367432,4.5,4.400000095367432,4.400000095367432,4.699999809265137,5.099999904632568,5.199999809265137,5.199999809265137,5.199999809265137,5.300000190734863,5.699999809265137,6.099999904632568,6.400000095367432,6.5,6.400000095367432,6.300000190734863,6.199999809265137,6.300000190734863,6.199999809265137,5.900000095367432,5.5,5.300000190734863,5.099999904632568,4.900000095367432,4.900000095367432,5.0,5.0,4.900000095367432,4.400000095367432,3.5999999046325684,2.5999999046325684,1.2999999523162842
6.599999904632568,6.0,5.800000190734863,5.599999904632568,6.099999904632568,6.300000190734863,6.5,6.300000190734863,5.599999904632568,4.5,3.5999999046325684,3.0,3.0999999046325684,3.200000047683716,3.799999952316284,4.300000190734863,4.800000190734863,5.0,5.099999904632568,5.199999809265137,5.199999809265137,5.0,4.5,4.5,4.800000190734863,5.400000095367432,6.099999904632568,6.5,6.599999904632568,6.400000095367432,6.199999809265137,6.0,6.0,5.800000190734863,5.5,5.099999904632568,4.900000095367432,4.699999809265137,4.599999904632568,4.599999904632568,4.800000190734863,4.900000095367432,4.699999809265137,4.099999904632568,3.299999952316284,2.200000047683716,1.100000023841858
6.800000190734863,6.300000190734863,5.900000095367432,6.5,7.099999904632568,7.800000190734863,8.0,7.199999809265137,5.800000190734863,4.300000190734863,3.0999999046325684,2.700000047683716,2.5,2.9000000953674316,3.200000047683716,4.0,4.800000190734863,5.599999904632568,6.0,6.0,5.900000095367432,5.400000095367432,4.800000190734863,4.5,4.400000095367432,5.0,5.599999904632568,6.0,5.900000095367432,5.900000095367432,5.800000190734863,5.800000190734863,5.599999904632568,5.400000095367432,5.199999809265137,4.900000095367432,4.699999809265137,4.599999904632568,4.400000095367432,4.599999904632568,4.900000095367432,4.900000095367432,4.699999809265137,4.099999904632568,3.200000047683716,2.4000000953674316,1.600000023841858
7.0,6.400000095367432,6.099999904632568,7.099999904632568,8.100000381469727,9.899999618530273,9.899999618530273,8.5,6.300000190734863,4.300000190734863,3.0,2.299999952316284,2.299999952316284,2.4000000953674316,2.700000047683716,3.5999999046325684,4.800000190734863,6.0,6.5,6.699999809265137,6.599999904632568,6.599999904632568,6.099999904632568,6.099999904632568,5.599999904632568,5.5,5.599999904632568,5.5,5.400000095367432,5.5,5.5,5.400000095367432,5.199999809265137,4.800000190734863,4.599999904632568,4.199999809265137,4.099999904632568,4.0,4.0,4.400000095367432,4.800000190734863,4.800000190734863,4.699999809265137,4.0,3.299999952316284,2.5999999046325684,1.899999976158142
7.099999904632568,6.599999904632568,6.199999809265137,7.199999809265137,9.699999809265137,11.600000381469727,12.0,9.800000190734863,6.699999809265137,4.599999904632568,3.4000000953674316,2.5999999046325684,2.5,2.299999952316284,2.5,3.200000047683716,4.5,5.699999809265137,6.5,6.800000190734863,7.099999904632568,7.800000190734863,8.0,8.100000381469727,7.800000190734863,7.400000095367432,7.0,6.300000190734863,5.900000095367432,5.699999809265137,5.800000190734863,5.699999809265137,5.400000095367432,4.900000095367432,4.400000095367432,4.199999809265137,3.700000047683716,3.5999999046325684,3.5,3.9000000953674316,4.199999809265137,4.199999809265137,3.9000000953674316,3.4000000953674316,3.0,2.4000000953674316,1.899999976158142
7.300000190734863,6.599999904632568,6.400000095367432,7.5,10.300000190734863,12.699999809265137,12.5,10.199999809265137,7.099999904632568,5.099999904632568,3.9000000953674316,3.5,3.0,2.799999952316284,2.700000047683716,3.200000047683716,4.099999904632568,5.0,5.800000190734863,6.300000190734863,7.0,7.699999809265137,8.5,9.199999809265137,9.5,9.5,9.300000190734863,8.800000190734863,8.100000381469727,8.100000381469727,8.0,7.599999904632568,7.099999904632568,6.699999809265137,6.199999809265137,5.5,4.400000095367432,4.0,3.0,2.799999952316284,2.9000000953674316,2.799999952316284,2.700000047683716,2.5999999046325684,2.0999999046325684,1.899999976158142,1.5
7.300000190734863,6.699999809265137,6.599999904632568,7.699999809265137,10.399999618530273,12.100000381469727,11.5,9.399999618530273,6.900000095367432,5.599999904632568,4.900000095367432,4.300000190734863,3.799999952316284,3.5,3.5,3.700000047683716,4.199999809265137,4.900000095367432,5.400000095367432,6.099999904632568,6.699999809265137,7.5,8.300000190734863,9.199999809265137,9.800000190734863,10.100000381469727,10.399999618530273,10.300000190734863,10.100000381469727,9.899999618530273,9.699999809265137,9.600000381469727,9.300000190734863,9.100000381469727,9.600000381469727,9.399999618530273,9.899999618530273,8.699999809265137,6.400000095367432,4.699999809265137,3.5999999046325684,2.9000000953674316,2.5,2.200000047683716,1.399999976158142,0.800000011920929,0.5
7.599999904632568,7.0,6.800000190734863,8.300000190734863,10.399999618530273,11.399999618530273,10.899999618530273,8.800000190734863,6.900000095367432,5.900000095367432,5.400000095367432,5.099999904632568,5.0,4.699999809265137,4.699999809265137,4.599999904632568,4.800000190734863,5.0,5.5,6.199999809265137,6.900000095367432,7.5,8.100000381469727,8.800000190734863,9.300000190734863,9.800000190734863,10.300000190734863,10.399999618530273,10.5,10.300000190734863,10.199999809265137,10.199999809265137,10.0,9.899999618530273,10.300000190734863,11.0,11.800000190734863,11.699999809265137,10.199999809265137,8.600000381469727,6.699999809265137,5.599999904632568,4.900000095367432,4.400000095367432,3.9000000953674316,2.799999952316284,2.0
7.800000190734863,7.300000190734863,7.300000190734863,8.600000381469727,10.300000190734863,11.0,10.399999618530273,8.600000381469727,6.699999809265137,5.800000190734863,5.599999904632568,5.599999904632568,5.5,5.400000095367432,5.300000190734863,5.400000095367432,5.400000095367432,5.599999904632568,5.900000095367432,6.599999904632568,7.300000190734863,8.0,8.600000381469727,9.100000381469727,9.399999618530273,9.699999809265137,10.0,9.800000190734863,9.600000381469727,9.800000190734863,9.800000190734863,9.800000190734863,9.699999809265137,9.899999618530273,10.0,10.600000381469727,11.399999618530273,11.800000190734863,11.800000190734863,11.5,10.5,9.100000381469727,8.800000190734863,8.399999618530273,7.800000190734863,7.099999904632568,5.900000095367432
8.0,7.599999904632568,7.800000190734863,8.899999618530273,10.399999618530273,10.899999618530273,10.100000381469727,8.199999809265137,6.300000190734863,5.699999809265137,5.5,5.699999809265137,5.699999809265137,5.599999904632568,5.699999809265137,5.900000095367432,6.0,6.0,6.300000190734863,6.900000095367432,7.699999809265137,8.5,9.199999809265137,9.5,9.699999809265137,10.0,10.100000381469727,9.899999618530273,9.699999809265137,9.899999618530273,10.0,10.0,10.0,10.100000381469727,9.899999618530273,10.199999809265137,10.199999809265137,10.300000190734863,10.300000190734863,10.899999618530273,10.800000190734863,10.699999809265137,10.800000190734863,11.0,11.300000190734863,11.100000381469727,10.5
8.199999809265137,7.900000095367432,8.199999809265137,9.399999618530273,10.399999618530273,10.699999809265137,9.800000190734863,7.900000095367432,6.199999809265137,5.400000095367432,5.400000095367432,5.599999904632568,5.699999809265137,5.599999904632568,5.900000095367432,6.199999809265137,6.300000190734863,6.400000095367432,6.699999809265137,7.300000190734863,8.100000381469727,8.800000190734863,9.199999809265137,9.600000381469727,9.800000190734863,10.100000381469727,10.300000190734863,10.199999809265137,10.100000381469727,10.300000190734863,10.300000190734863,10.600000381469727,10.899999618530273,11.199999809265137,11.300000190734863,11.100000381469727,11.100000381469727,10.600000381469727,10.100000381469727,10.0,10.100000381469727,10.199999809265137,10.300000190734863,10.199999809265137,10.600000381469727,10.399999618530273,10.699999809265137
8.300000190734863,8.100000381469727,8.5,9.399999618530273,10.399999618530273,10.5,9.699999809265137,7.800000190734863,6.300000190734863,5.5,5.400000095367432,5.5,5.599999904632568,5.800000190734863,6.099999904632568,6.400000095367432,6.800000190734863,7.099999904632568,7.400000095367432,7.800000190734863,8.300000190734863,8.699999809265137,8.800000190734863,9.0,9.199999809265137,9.699999809265137,9.899999618530273,10.100000381469727,10.199999809265137,10.199999809265137,10.300000190734863,10.5,11.100000381469727,11.399999618530273,11.699999809265137,11.600000381469727,11.5,11.0,10.5,10.100000381469727,9.800000190734863,9.899999618530273,9.899999618530273,10.0,9.800000190734863,9.699999809265137,9.399999618530273
