data_weather/step_14.json
{"header": {"nx": 220, "ny": 225, "lo1": 11.000000000000096, "la1": 39.480000000000906, "lo2": 16.475000000000172, "la2": 35.000000000000206, "dx": 0.025000000000000355, "dy": 0.020000000000003126, "refTime": "2026-02-04T14:00:00.000Z", "parameterCategory": 2, "parameterNumber": 2}, "data":
[rows 42 to 62 of 225, columns 141 to 187 of 220]
14.100000381469727,14.100000381469727,14.100000381469727,14.0,14.0,14.199999809265137,14.300000190734863,14.399999618530273,14.300000190734863,14.199999809265137,14.199999809265137,14.199999809265137,14.0,13.800000190734863,13.699999809265137,13.800000190734863,13.800000190734863,13.699999809265137,13.5,13.399999618530273,13.199999809265137,12.100000381469727,11.399999618530273,12.5,13.100000381469727,13.399999618530273,13.5,13.399999618530273,13.0,12.5,12.0,11.699999809265137,11.600000381469727,11.5,11.0,10.800000190734863,10.800000190734863,10.600000381469727,10.300000190734863,10.100000381469727,10.0,9.800000190734863,9.399999618530273,9.0,9.100000381469727,9.899999618530273,11.100000381469727
14.100000381469727,14.199999809265137,14.100000381469727,14.0,13.899999618530273,14.0,14.100000381469727,14.100000381469727,14.0,13.800000190734863,13.899999618530273,14.0,13.800000190734863,13.699999809265137,13.899999618530273,13.899999618530273,13.800000190734863,13.600000381469727,13.399999618530273,13.100000381469727,13.0,12.699999809265137,12.600000381469727,13.300000190734863,13.399999618530273,13.699999809265137,13.699999809265137,13.600000381469727,13.199999809265137,12.699999809265137,12.100000381469727,11.899999618530273,11.800000190734863,11.600000381469727,11.100000381469727,10.899999618530273,10.800000190734863,10.600000381469727,10.199999809265137,9.899999618530273,9.699999809265137,9.300000190734863,8.600000381469727,8.100000381469727,8.199999809265137,8.800000190734863,9.899999618530273
14.199999809265137,14.0,13.5,13.5,13.5,13.699999809265137,13.800000190734863,13.800000190734863,13.699999809265137,13.600000381469727,13.800000190734863,13.899999618530273,13.5,13.100000381469727,13.399999618530273,13.399999618530273,13.300000190734863,13.0,12.699999809265137,12.600000381469727,12.699999809265137,13.0,13.0,13.100000381469727,13.300000190734863,13.600000381469727,13.800000190734863,13.699999809265137,13.399999618530273,13.100000381469727,12.699999809265137,12.5,12.300000190734863,12.0,11.600000381469727,11.399999618530273,11.300000190734863,11.399999618530273,11.0,10.300000190734863,9.699999809265137,8.800000190734863,8.0,7.599999904632568,7.400000095367432,7.599999904632568,8.0
13.699999809265137,13.300000190734863,12.899999618530273,13.0,13.300000190734863,13.5,13.699999809265137,13.699999809265137,13.699999809265137,13.600000381469727,13.300000190734863,12.600000381469727,11.600000381469727,11.199999809265137,11.899999618530273,12.0,12.100000381469727,12.0,12.199999809265137,12.399999618530273,12.699999809265137,13.0,13.100000381469727,13.199999809265137,13.300000190734863,13.5,13.699999809265137,13.800000190734863,13.600000381469727,13.5,13.300000190734863,13.100000381469727,13.0,12.800000190734863,12.5,12.399999618530273,12.300000190734863,12.399999618530273,12.0,11.100000381469727,9.699999809265137,8.5,7.900000095367432,7.300000190734863,6.5,6.199999809265137,7.099999904632568
13.699999809265137,13.800000190734863,13.0,13.199999809265137,13.600000381469727,13.800000190734863,13.899999618530273,13.899999618530273,13.899999618530273,13.800000190734863,12.699999809265137,11.100000381469727,11.0,10.600000381469727,10.5,11.399999618530273,12.399999618530273,12.399999618530273,12.600000381469727,12.800000190734863,13.300000190734863,13.699999809265137,13.800000190734863,13.800000190734863,13.699999809265137,13.600000381469727,13.699999809265137,13.800000190734863,13.800000190734863,13.800000190734863,13.699999809265137,13.5,13.300000190734863,13.199999809265137,13.199999809265137,13.100000381469727,13.100000381469727,13.100000381469727,12.800000190734863,11.699999809265137,10.199999809265137,8.699999809265137,8.0,7.199999809265137,5.599999904632568,4.699999809265137,6.599999904632568
14.199999809265137,14.399999618530273,14.300000190734863,14.100000381469727,14.0,14.100000381469727,14.100000381469727,14.100000381469727,14.0,14.100000381469727,13.800000190734863,13.300000190734863,13.300000190734863,13.100000381469727,12.399999618530273,12.899999618530273,13.899999618530273,13.899999618530273,13.600000381469727,13.899999618530273,14.199999809265137,14.5,14.600000381469727,14.199999809265137,13.899999618530273,13.600000381469727,13.600000381469727,13.699999809265137,13.899999618530273,13.899999618530273,13.800000190734863,13.5,13.300000190734863,13.300000190734863,13.300000190734863,13.399999618530273,13.399999618530273,13.399999618530273,13.399999618530273,12.5,10.800000190734863,9.199999809265137,8.5,6.900000095367432,4.900000095367432,4.400000095367432,7.300000190734863
14.399999618530273,14.600000381469727,14.600000381469727,14.399999618530273,14.300000190734863,14.199999809265137,14.199999809265137,14.199999809265137,14.199999809265137,14.199999809265137,14.300000190734863,14.199999809265137,14.5,15.300000190734863,15.300000190734863,14.800000190734863,14.199999809265137,12.300000190734863,13.0,13.899999618530273,14.300000190734863,14.600000381469727,14.800000190734863,14.5,14.0,13.600000381469727,13.399999618530273,13.5,13.699999809265137,14.0,13.899999618530273,13.5,13.199999809265137,13.100000381469727,13.100000381469727,13.100000381469727,13.100000381469727,13.199999809265137,13.399999618530273,12.899999618530273,11.699999809265137,10.300000190734863,8.899999618530273,7.099999904632568,5.300000190734863,5.599999904632568,8.600000381469727
14.300000190734863,14.399999618530273,14.399999618530273,14.300000190734863,14.199999809265137,14.100000381469727,14.100000381469727,14.199999809265137,14.300000190734863,14.300000190734863,14.399999618530273,14.600000381469727,14.600000381469727,14.600000381469727,14.100000381469727,12.5,12.899999618530273,11.399999618530273,12.300000190734863,13.399999618530273,14.100000381469727,14.300000190734863,14.5,14.5,14.199999809265137,13.699999809265137,13.5,13.600000381469727,13.699999809265137,14.0,14.0,13.699999809265137,13.399999618530273,13.199999809265137,13.100000381469727,13.0,12.899999618530273,13.0,13.199999809265137,13.100000381469727,12.100000381469727,10.600000381469727,9.0,7.0,6.0,6.800000190734863,9.800000190734863
14.300000190734863,14.399999618530273,14.300000190734863,14.199999809265137,14.100000381469727,14.100000381469727,14.100000381469727,14.199999809265137,14.399999618530273,14.5,14.600000381469727,14.699999809265137,14.699999809265137,14.600000381469727,14.100000381469727,11.800000190734863,12.699999809265137,12.399999618530273,12.5,13.600000381469727,14.100000381469727,14.300000190734863,14.699999809265137,14.899999618530273,14.600000381469727,14.300000190734863,14.0,13.899999618530273,14.0,14.199999809265137,14.300000190734863,14.100000381469727,13.699999809265137,13.399999618530273,13.199999809265137,13.0,12.800000190734863,12.699999809265137,12.899999618530273,13.0,12.199999809265137,10.5,8.800000190734863,7.400000095367432,6.800000190734863,8.0,10.300000190734863
14.199999809265137,14.300000190734863,14.300000190734863,14.199999809265137,14.100000381469727,14.100000381469727,14.100000381469727,14.199999809265137,14.399999618530273,14.600000381469727,14.800000190734863,14.800000190734863,14.800000190734863,14.699999809265137,14.399999618530273,13.199999809265137,11.5,12.300000190734863,13.5,14.600000381469727,14.699999809265137,14.699999809265137,14.899999618530273,15.300000190734863,15.199999809265137,15.0,14.699999809265137,14.5,14.399999618530273,14.5,14.600000381469727,14.199999809265137,13.800000190734863,13.600000381469727,13.399999618530273,13.100000381469727,12.800000190734863,12.600000381469727,13.0,13.100000381469727,12.100000381469727,10.300000190734863,8.800000190734863,8.0,7.900000095367432,8.600000381469727,10.100000381469727
14.0,14.100000381469727,14.100000381469727,14.100000381469727,14.100000381469727,14.100000381469727,14.199999809265137,14.399999618530273,14.600000381469727,14.800000190734863,14.800000190734863,14.899999618530273,14.800000190734863,14.600000381469727,14.300000190734863,14.399999618530273,14.300000190734863,13.800000190734863,13.699999809265137,14.899999618530273,14.899999618530273,14.899999618530273,15.100000381469727,15.399999618530273,15.5,15.300000190734863,15.0,14.800000190734863,14.600000381469727,14.600000381469727,14.5,14.100000381469727,13.699999809265137,13.5,13.5,13.100000381469727,12.600000381469727,12.600000381469727,13.199999809265137,13.300000190734863,12.0,9.899999618530273,9.0,8.5,8.600000381469727,9.0,10.0
13.899999618530273,14.0,14.100000381469727,14.100000381469727,14.100000381469727,14.199999809265137,14.300000190734863,14.5,14.699999809265137,14.800000190734863,14.899999618530273,14.899999618530273,14.800000190734863,14.600000381469727,14.300000190734863,14.399999618530273,13.899999618530273,12.600000381469727,12.899999618530273,14.5,14.699999809265137,14.699999809265137,14.899999618530273,15.199999809265137,15.399999618530273,15.399999618530273,15.100000381469727,14.800000190734863,14.600000381469727,14.5,14.300000190734863,13.800000190734863,13.199999809265137,13.300000190734863,13.399999618530273,13.100000381469727,12.5,12.699999809265137,13.699999809265137,13.699999809265137,11.5,9.300000190734863,8.300000190734863,8.800000190734863,9.100000381469727,9.300000190734863,10.0
13.800000190734863,13.899999618530273,14.100000381469727,14.199999809265137,14.300000190734863,14.300000190734863,14.5,14.699999809265137,14.800000190734863,14.899999618530273,14.899999618530273,14.800000190734863,14.699999809265137,14.5,14.199999809265137,14.300000190734863,13.100000381469727,11.600000381469727,12.699999809265137,13.5,14.199999809265137,14.399999618530273,14.699999809265137,15.199999809265137,15.5,15.5,15.300000190734863,14.899999618530273,14.5,14.300000190734863,14.0,13.5,13.0,13.100000381469727,13.399999618530273,13.0,12.600000381469727,13.0,14.399999618530273,13.699999809265137,11.0,8.800000190734863,8.300000190734863,9.199999809265137,9.600000381469727,9.800000190734863,10.199999809265137
13.699999809265137,14.0,14.199999809265137,14.300000190734863,14.399999618530273,14.5,14.600000381469727,14.800000190734863,14.899999618530273,14.899999618530273,14.899999618530273,14.800000190734863,14.699999809265137,14.399999618530273,14.100000381469727,14.300000190734863,13.600000381469727,12.399999618530273,13.199999809265137,13.800000190734863,14.5,14.699999809265137,14.899999618530273,15.300000190734863,15.800000190734863,15.800000190734863,15.5,15.0,14.5,14.199999809265137,13.899999618530273,13.399999618530273,13.0,13.100000381469727,13.300000190734863,13.0,12.800000190734863,13.600000381469727,14.399999618530273,13.300000190734863,10.300000190734863,8.399999618530273,8.5,9.5,10.300000190734863,10.399999618530273,10.899999618530273
13.800000190734863,14.100000381469727,14.300000190734863,14.5,14.600000381469727,14.600000381469727,14.699999809265137,14.800000190734863,14.899999618530273,14.899999618530273,14.899999618530273,14.800000190734863,14.600000381469727,14.399999618530273,14.100000381469727,13.899999618530273,14.0,13.699999809265137,14.399999618530273,14.600000381469727,15.100000381469727,15.100000381469727,15.300000190734863,15.800000190734863,16.200000762939453,16.200000762939453,15.699999809265137,15.0,14.399999618530273,14.100000381469727,13.800000190734863,13.5,13.199999809265137,13.199999809265137,13.100000381469727,13.0,13.399999618530273,14.0,13.699999809265137,11.800000190734863,9.5,8.600000381469727,9.100000381469727,10.300000190734863,10.899999618530273,11.0,11.699999809265137
13.899999618530273,14.199999809265137,14.399999618530273,14.5,14.600000381469727,14.699999809265137,14.699999809265137,14.800000190734863,14.800000190734863,14.800000190734863,14.800000190734863,14.800000190734863,14.600000381469727,14.300000190734863,14.0,13.899999618530273,14.199999809265137,14.5,15.100000381469727,15.300000190734863,15.300000190734863,15.300000190734863,15.5,16.0,16.399999618530273,16.299999237060547,15.600000381469727,14.800000190734863,14.300000190734863,14.0,13.800000190734863,13.600000381469727,13.5,13.199999809265137,13.0,13.199999809265137,13.800000190734863,13.5,12.100000381469727,9.899999618530273,9.100000381469727,9.199999809265137,10.100000381469727,11.100000381469727,11.5,11.699999809265137,12.399999618530273
14.100000381469727,14.300000190734863,14.300000190734863,14.399999618530273,14.5,14.600000381469727,14.699999809265137,14.699999809265137,14.699999809265137,14.699999809265137,14.800000190734863,14.699999809265137,14.600000381469727,14.199999809265137,13.899999618530273,13.800000190734863,14.0,14.5,14.899999618530273,15.199999809265137,15.199999809265137,15.199999809265137,15.5,16.0,16.399999618530273,16.100000381469727,15.300000190734863,14.5,14.0,13.699999809265137,13.800000190734863,13.699999809265137,13.600000381469727,13.199999809265137,12.899999618530273,13.399999618530273,13.699999809265137,12.5,9.600000381469727,7.900000095367432,8.0,9.399999618530273,10.699999809265137,11.699999809265137,11.899999618530273,12.199999809265137,12.5
14.199999809265137,14.199999809265137,14.199999809265137,14.300000190734863,14.399999618530273,14.5,14.600000381469727,14.600000381469727,14.600000381469727,14.600000381469727,14.699999809265137,14.699999809265137,14.5,14.100000381469727,13.800000190734863,13.800000190734863,14.100000381469727,14.5,14.899999618530273,15.100000381469727,15.100000381469727,15.199999809265137,15.600000381469727,15.899999618530273,16.0,15.600000381469727,14.800000190734863,14.100000381469727,13.800000190734863,13.800000190734863,13.699999809265137,13.800000190734863,13.600000381469727,13.100000381469727,12.899999618530273,13.300000190734863,13.100000381469727,10.300000190734863,7.400000095367432,6.199999809265137,7.199999809265137,9.0,10.699999809265137,12.0,12.0,11.899999618530273,11.600000381469727
14.100000381469727,14.0,13.899999618530273,14.0,14.199999809265137,14.5,14.5,14.5,14.399999618530273,14.399999618530273,14.600000381469727,14.600000381469727,14.399999618530273,14.0,13.699999809265137,13.800000190734863,14.199999809265137,14.600000381469727,14.899999618530273,14.899999618530273,14.899999618530273,15.199999809265137,15.5,15.800000190734863,15.699999809265137,15.100000381469727,14.300000190734863,13.800000190734863,13.699999809265137,13.399999618530273,13.399999618530273,13.600000381469727,13.600000381469727,13.300000190734863,12.600000381469727,12.800000190734863,11.399999618530273,7.699999809265137,5.5,5.0,7.0,8.699999809265137,8.899999618530273,8.800000190734863,8.899999618530273,10.0,9.699999809265137
13.899999618530273,13.699999809265137,13.699999809265137,13.800000190734863,14.100000381469727,14.399999618530273,14.399999618530273,14.300000190734863,14.100000381469727,14.199999809265137,14.399999618530273,14.5,14.300000190734863,13.899999618530273,13.699999809265137,13.800000190734863,14.199999809265137,14.600000381469727,14.800000190734863,14.800000190734863,14.800000190734863,15.100000381469727,15.5,15.600000381469727,15.399999618530273,14.699999809265137,14.199999809265137,13.800000190734863,13.0,11.800000190734863,11.800000190734863,12.800000190734863,13.600000381469727,13.0,12.199999809265137,11.399999618530273,8.199999809265137,4.900000095367432,3.799999952316284,5.199999809265137,7.199999809265137,8.600000381469727,8.300000190734863,7.199999809265137,7.099999904632568,7.699999809265137,7.900000095367432
13.699999809265137,13.5,13.5,13.699999809265137,14.0,14.199999809265137,14.199999809265137,14.0,13.800000190734863,13.899999618530273,14.199999809265137,14.300000190734863,14.100000381469727,13.699999809265137,13.600000381469727,13.800000190734863,14.300000190734863,14.600000381469727,14.699999809265137,14.600000381469727,14.699999809265137,15.100000381469727,15.5,15.5,15.100000381469727,14.399999618530273,13.899999618530273,13.699999809265137,12.600000381469727,10.699999809265137,12.100000381469727,13.100000381469727,13.300000190734863,12.399999618530273,10.800000190734863,7.5,4.0,2.799999952316284,3.5999999046325684,5.199999809265137,6.900000095367432,8.5,8.100000381469727,8.199999809265137,8.199999809265137,7.199999809265137,6.5
