data_weather/step_20.json
{"header": {"nx": 220, "ny": 225, "lo1": 11.000000000000096, "la1": 39.480000000000906, "lo2": 16.475000000000172, "la2": 35.000000000000206, "dx": 0.025000000000000355, "dy": 0.020000000000003126, "refTime": "2026-02-04T08:00:00.000Z", "parameterCategory": 2, "parameterNumber": 3}, "data":
[rows 84 to 104 of 225, columns 0 to 46 of 220]
-5.099999904632568,-5.199999809265137,-5.199999809265137,-5.0,-4.800000190734863,-4.5,-4.300000190734863,-4.199999809265137,-4.099999904632568,-4.199999809265137,-4.599999904632568,-5.0,-5.400000095367432,-5.699999809265137,-5.699999809265137,-5.800000190734863,-5.800000190734863,-5.800000190734863,-5.699999809265137,-5.5,-5.400000095367432,-5.300000190734863,-5.400000095367432,-5.5,-5.699999809265137,-5.699999809265137,-5.599999904632568,-5.400000095367432,-5.099999904632568,-4.800000190734863,-4.5,-4.300000190734863,-4.199999809265137,-4.099999904632568,-4.099999904632568,-4.099999904632568,-4.0,-3.799999952316284,-3.5,-3.4000000953674316,-3.0999999046325684,-2.700000047683716,-2.9000000953674316,-3.0,-2.9000000953674316,-3.5,-3.9000000953674316
-5.099999904632568,-5.300000190734863,-5.300000190734863,-5.199999809265137,-5.0,-4.699999809265137,-4.5,-4.400000095367432,-4.199999809265137,-4.199999809265137,-4.400000095367432,-4.800000190734863,-5.099999904632568,-5.5,-5.699999809265137,-5.699999809265137,-5.900000095367432,-5.900000095367432,-5.800000190734863,-5.699999809265137,-5.599999904632568,-5.5,-5.599999904632568,-5.699999809265137,-5.800000190734863,-5.800000190734863,-5.599999904632568,-5.400000095367432,-5.199999809265137,-4.900000095367432,-4.599999904632568,-4.300000190734863,-4.099999904632568,-4.0,-4.0,-4.0,-4.0,-3.799999952316284,-3.4000000953674316,-3.0999999046325684,-2.9000000953674316,-2.5999999046325684,-2.700000047683716,-3.0,-2.799999952316284,-3.200000047683716,-3.9000000953674316
-5.099999904632568,-5.300000190734863,-5.300000190734863,-5.199999809265137,-5.099999904632568,-4.900000095367432,-4.699999809265137,-4.599999904632568,-4.400000095367432,-4.400000095367432,-4.400000095367432,-4.699999809265137,-5.0,-5.300000190734863,-5.599999904632568,-5.699999809265137,-5.800000190734863,-6.0,-6.0,-5.900000095367432,-5.800000190734863,-5.699999809265137,-5.699999809265137,-5.800000190734863,-5.800000190734863,-5.699999809265137,-5.599999904632568,-5.400000095367432,-5.199999809265137,-5.0,-4.699999809265137,-4.300000190734863,-4.099999904632568,-3.9000000953674316,-3.799999952316284,-3.9000000953674316,-3.9000000953674316,-3.700000047683716,-3.299999952316284,-3.0,-2.9000000953674316,-2.5999999046325684,-2.5999999046325684,-3.200000047683716,-2.700000047683716,-2.799999952316284,-3.5999999046325684
-5.099999904632568,-5.199999809265137,-5.300000190734863,-5.199999809265137,-5.099999904632568,-5.0,-4.900000095367432,-4.800000190734863,-4.599999904632568,-4.5,-4.5,-4.699999809265137,-4.900000095367432,-5.199999809265137,-5.400000095367432,-5.599999904632568,-5.800000190734863,-6.0,-6.099999904632568,-6.099999904632568,-6.0,-5.900000095367432,-5.800000190734863,-5.800000190734863,-5.699999809265137,-5.599999904632568,-5.400000095367432,-5.300000190734863,-5.099999904632568,-4.900000095367432,-4.599999904632568,-4.300000190734863,-4.099999904632568,-3.9000000953674316,-3.799999952316284,-3.9000000953674316,-3.799999952316284,-3.5999999046325684,-3.299999952316284,-3.200000047683716,-3.200000047683716,-2.9000000953674316,-2.700000047683716,-3.4000000953674316,-3.0,-2.5999999046325684,-3.299999952316284
-5.0,-5.099999904632568,-5.199999809265137,-5.199999809265137,-5.199999809265137,-5.099999904632568,-5.099999904632568,-5.0,-4.800000190734863,-4.699999809265137,-4.699999809265137,-4.800000190734863,-4.900000095367432,-5.099999904632568,-5.199999809265137,-5.5,-5.800000190734863,-6.0,-6.099999904632568,-6.199999809265137,-6.099999904632568,-6.0,-5.800000190734863,-5.699999809265137,-5.599999904632568,-5.5,-5.300000190734863,-5.099999904632568,-4.900000095367432,-4.800000190734863,-4.599999904632568,-4.400000095367432,-4.099999904632568,-4.0,-4.0,-3.9000000953674316,-4.0,-3.9000000953674316,-3.5999999046325684,-3.5999999046325684,-3.5,-3.0999999046325684,-2.9000000953674316,-3.200000047683716,-3.200000047683716,-2.4000000953674316,-2.799999952316284
-5.0,-5.099999904632568,-5.199999809265137,-5.199999809265137,-5.199999809265137,-5.199999809265137,-5.199999809265137,-5.199999809265137,-5.0,-4.900000095367432,-4.900000095367432,-4.900000095367432,-5.0,-5.099999904632568,-5.300000190734863,-5.5,-5.800000190734863,-6.0,-6.099999904632568,-6.199999809265137,-6.199999809265137,-6.0,-5.900000095367432,-5.800000190734863,-5.699999809265137,-5.5,-5.300000190734863,-5.099999904632568,-4.900000095367432,-4.800000190734863,-4.699999809265137,-4.5,-4.400000095367432,-4.300000190734863,-4.199999809265137,-4.199999809265137,-4.199999809265137,-4.199999809265137,-4.0,-3.9000000953674316,-3.700000047683716,-3.299999952316284,-3.0,-3.200000047683716,-3.4000000953674316,-2.4000000953674316,-2.200000047683716
-5.099999904632568,-5.199999809265137,-5.199999809265137,-5.300000190734863,-5.300000190734863,-5.300000190734863,-5.300000190734863,-5.300000190734863,-5.199999809265137,-5.099999904632568,-5.0,-5.099999904632568,-5.199999809265137,-5.300000190734863,-5.400000095367432,-5.599999904632568,-5.800000190734863,-6.0,-6.099999904632568,-6.199999809265137,-6.199999809265137,-6.099999904632568,-6.0,-5.800000190734863,-5.800000190734863,-5.599999904632568,-5.400000095367432,-5.199999809265137,-5.0,-4.900000095367432,-4.900000095367432,-4.699999809265137,-4.599999904632568,-4.5,-4.400000095367432,-4.400000095367432,-4.400000095367432,-4.400000095367432,-4.300000190734863,-4.099999904632568,-3.9000000953674316,-3.5,-3.0999999046325684,-3.299999952316284,-3.5,-2.9000000953674316,-2.200000047683716
-5.300000190734863,-5.300000190734863,-5.300000190734863,-5.400000095367432,-5.400000095367432,-5.400000095367432,-5.400000095367432,-5.400000095367432,-5.300000190734863,-5.300000190734863,-5.199999809265137,-5.199999809265137,-5.300000190734863,-5.400000095367432,-5.5,-5.599999904632568,-5.800000190734863,-6.0,-6.199999809265137,-6.300000190734863,-6.300000190734863,-6.199999809265137,-6.099999904632568,-5.900000095367432,-5.800000190734863,-5.699999809265137,-5.5,-5.400000095367432,-5.199999809265137,-5.0,-5.099999904632568,-4.900000095367432,-4.900000095367432,-4.699999809265137,-4.699999809265137,-4.599999904632568,-4.599999904632568,-4.599999904632568,-4.5,-4.300000190734863,-4.099999904632568,-3.700000047683716,-3.200000047683716,-3.4000000953674316,-3.5,-3.200000047683716,-2.299999952316284
-5.400000095367432,-5.400000095367432,-5.400000095367432,-5.400000095367432,-5.5,-5.5,-5.5,-5.5,-5.400000095367432,-5.400000095367432,-5.400000095367432,-5.400000095367432,-5.400000095367432,-5.599999904632568,-5.599999904632568,-5.699999809265137,-5.900000095367432,-6.0,-6.199999809265137,-6.300000190734863,-6.400000095367432,-6.300000190734863,-6.199999809265137,-6.0,-5.900000095367432,-5.800000190734863,-5.599999904632568,-5.5,-5.300000190734863,-5.199999809265137,-5.199999809265137,-5.099999904632568,-5.0,-4.900000095367432,-4.800000190734863,-4.699999809265137,-4.699999809265137,-4.699999809265137,-4.599999904632568,-4.400000095367432,-4.300000190734863,-3.9000000953674316,-3.5,-3.4000000953674316,-3.5999999046325684,-3.4000000953674316,-2.5
-5.5,-5.5,-5.5,-5.5,-5.5,-5.599999904632568,-5.599999904632568,-5.599999904632568,-5.599999904632568,-5.5,-5.5,-5.5,-5.599999904632568,-5.699999809265137,-5.699999809265137,-5.800000190734863,-5.900000095367432,-6.099999904632568,-6.199999809265137,-6.300000190734863,-6.400000095367432,-6.400000095367432,-6.199999809265137,-6.0,-5.900000095367432,-5.699999809265137,-5.599999904632568,-5.5,-5.400000095367432,-5.300000190734863,-5.199999809265137,-5.099999904632568,-5.0,-5.0,-4.900000095367432,-4.800000190734863,-4.800000190734863,-4.800000190734863,-4.699999809265137,-4.599999904632568,-4.5,-4.199999809265137,-3.799999952316284,-3.5,-3.700000047683716,-3.5,-2.9000000953674316
-5.599999904632568,-5.599999904632568,-5.599999904632568,-5.599999904632568,-5.599999904632568,-5.599999904632568,-5.599999904632568,-5.599999904632568,-5.699999809265137,-5.599999904632568,-5.599999904632568,-5.599999904632568,-5.699999809265137,-5.699999809265137,-5.800000190734863,-5.900000095367432,-6.0,-6.099999904632568,-6.199999809265137,-6.300000190734863,-6.300000190734863,-6.300000190734863,-6.199999809265137,-6.0,-5.800000190734863,-5.699999809265137,-5.599999904632568,-5.5,-5.400000095367432,-5.300000190734863,-5.199999809265137,-5.099999904632568,-5.099999904632568,-5.0,-4.900000095367432,-4.900000095367432,-4.900000095367432,-5.0,-4.900000095367432,-4.800000190734863,-4.699999809265137,-4.5,-4.099999904632568,-3.799999952316284,-3.799999952316284,-3.700000047683716,-3.200000047683716
-5.599999904632568,-5.599999904632568,-5.599999904632568,-5.5,-5.599999904632568,-5.599999904632568,-5.599999904632568,-5.699999809265137,-5.699999809265137,-5.699999809265137,-5.699999809265137,-5.699999809265137,-5.699999809265137,-5.800000190734863,-5.800000190734863,-5.900000095367432,-6.0,-6.099999904632568,-6.199999809265137,-6.199999809265137,-6.199999809265137,-6.199999809265137,-6.0,-5.900000095367432,-5.800000190734863,-5.699999809265137,-5.599999904632568,-5.5,-5.400000095367432,-5.300000190734863,-5.300000190734863,-5.199999809265137,-5.199999809265137,-5.099999904632568,-5.0,-5.0,-5.0,-5.099999904632568,-5.099999904632568,-5.0,-4.900000095367432,-4.800000190734863,-4.400000095367432,-4.099999904632568,-4.0,-4.0,-3.5
-5.5,-5.5,-5.400000095367432,-5.5,-5.5,-5.599999904632568,-5.599999904632568,-5.699999809265137,-5.699999809265137,-5.800000190734863,-5.800000190734863,-5.800000190734863,-5.800000190734863,-5.800000190734863,-5.800000190734863,-5.900000095367432,-6.0,-6.099999904632568,-6.199999809265137,-6.199999809265137,-6.199999809265137,-6.099999904632568,-5.900000095367432,-5.800000190734863,-5.699999809265137,-5.599999904632568,-5.599999904632568,-5.5,-5.400000095367432,-5.400000095367432,-5.300000190734863,-5.300000190734863,-5.300000190734863,-5.199999809265137,-5.199999809265137,-5.099999904632568,-5.199999809265137,-5.199999809265137,-5.199999809265137,-5.199999809265137,-5.199999809265137,-5.0,-4.699999809265137,-4.400000095367432,-4.300000190734863,-4.300000190734863,-3.799999952316284
-5.300000190734863,-5.300000190734863,-5.400000095367432,-5.400000095367432,-5.5,-5.5,-5.599999904632568,-5.699999809265137,-5.699999809265137,-5.800000190734863,-5.800000190734863,-5.800000190734863,-5.800000190734863,-5.800000190734863,-5.800000190734863,-5.800000190734863,-5.900000095367432,-6.0,-6.099999904632568,-6.199999809265137,-6.099999904632568,-6.0,-5.900000095367432,-5.800000190734863,-5.699999809265137,-5.599999904632568,-5.599999904632568,-5.599999904632568,-5.5,-5.400000095367432,-5.400000095367432,-5.400000095367432,-5.400000095367432,-5.300000190734863,-5.300000190734863,-5.199999809265137,-5.199999809265137,-5.199999809265137,-5.300000190734863,-5.300000190734863,-5.300000190734863,-5.199999809265137,-4.900000095367432,-4.599999904632568,-4.5,-4.5,-4.199999809265137
-5.199999809265137,-5.300000190734863,-5.300000190734863,-5.400000095367432,-5.5,-5.5,-5.599999904632568,-5.699999809265137,-5.699999809265137,-5.800000190734863,-5.800000190734863,-5.800000190734863,-5.800000190734863,-5.699999809265137,-5.699999809265137,-5.800000190734863,-5.900000095367432,-6.0,-6.099999904632568,-6.099999904632568,-6.099999904632568,-6.0,-5.900000095367432,-5.800000190734863,-5.699999809265137,-5.699999809265137,-5.699999809265137,-5.699999809265137,-5.599999904632568,-5.5,-5.5,-5.5,-5.400000095367432,-5.400000095367432,-5.300000190734863,-5.199999809265137,-5.199999809265137,-5.199999809265137,-5.300000190734863,-5.400000095367432,-5.400000095367432,-5.300000190734863,-5.099999904632568,-4.900000095367432,-4.800000190734863,-4.599999904632568,-4.400000095367432
-5.199999809265137,-5.199999809265137,-5.300000190734863,-5.400000095367432,-5.5,-5.599999904632568,-5.699999809265137,-5.699999809265137,-5.699999809265137,-5.800000190734863,-5.800000190734863,-5.800000190734863,-5.699999809265137,-5.699999809265137,-5.699999809265137,-5.699999809265137,-5.800000190734863,-5.900000095367432,-6.0,-6.099999904632568,-6.099999904632568,-6.0,-5.900000095367432,-5.900000095367432,-5.800000190734863,-5.800000190734863,-5.800000190734863,-5.800000190734863,-5.699999809265137,-5.599999904632568,-5.599999904632568,-5.5,-5.400000095367432,-5.400000095367432,-5.300000190734863,-5.199999809265137,-5.099999904632568,-5.199999809265137,-5.300000190734863,-5.300000190734863,-5.400000095367432,-5.400000095367432,-5.300000190734863,-5.0,-4.900000095367432,-4.800000190734863,-4.599999904632568
-5.199999809265137,-5.199999809265137,-5.300000190734863,-5.400000095367432,-5.599999904632568,-5.699999809265137,-5.699999809265137,-5.800000190734863,-5.800000190734863,-5.800000190734863,-5.800000190734863,-5.800000190734863,-5.699999809265137,-5.699999809265137,-5.699999809265137,-5.699999809265137,-5.800000190734863,-5.900000095367432,-6.0,-6.0,-6.099999904632568,-6.099999904632568,-6.099999904632568,-6.0,-6.0,-6.0,-5.900000095367432,-5.900000095367432,-5.800000190734863,-5.699999809265137,-5.599999904632568,-5.5,-5.5,-5.400000095367432,-5.300000190734863,-5.199999809265137,-5.199999809265137,-5.099999904632568,-5.199999809265137,-5.300000190734863,-5.400000095367432,-5.5,-5.400000095367432,-5.099999904632568,-4.900000095367432,-4.900000095367432,-4.699999809265137
-5.300000190734863,-5.400000095367432,-5.400000095367432,-5.5,-5.599999904632568,-5.699999809265137,-5.800000190734863,-5.800000190734863,-5.900000095367432,-5.900000095367432,-5.800000190734863,-5.800000190734863,-5.800000190734863,-5.699999809265137,-5.699999809265137,-5.699999809265137,-5.699999809265137,-5.900000095367432,-6.0,-6.099999904632568,-6.099999904632568,-6.199999809265137,-6.199999809265137,-6.199999809265137,-6.199999809265137,-6.099999904632568,-6.0,-5.900000095367432,-5.800000190734863,-5.699999809265137,-5.599999904632568,-5.5,-5.400000095367432,-5.400000095367432,-5.300000190734863,-5.199999809265137,-5.199999809265137,-5.099999904632568,-5.199999809265137,-5.300000190734863,-5.400000095367432,-5.5,-5.400000095367432,-5.199999809265137,-5.0,-5.0,-4.800000190734863
-5.400000095367432,-5.5,-5.599999904632568,-5.599999904632568,-5.699999809265137,-5.800000190734863,-5.900000095367432,-5.900000095367432,-5.900000095367432,-5.900000095367432,-5.900000095367432,-5.900000095367432,-5.800000190734863,-5.800000190734863,-5.699999809265137,-5.699999809265137,-5.800000190734863,-5.900000095367432,-6.0,-6.099999904632568,-6.199999809265137,-6.300000190734863,-6.400000095367432,-6.300000190734863,-6.199999809265137,-6.099999904632568,-6.0,-5.900000095367432,-5.800000190734863,-5.699999809265137,-5.599999904632568,-5.5,-5.400000095367432,-5.400000095367432,-5.300000190734863,-5.199999809265137,-5.199999809265137,-5.099999904632568,-5.099999904632568,-5.099999904632568,-5.300000190734863,-5.400000095367432,-5.5,-5.300000190734863,-5.099999904632568,-5.0,-4.900000095367432
-5.599999904632568,-5.599999904632568,-5.699999809265137,-5.699999809265137,-5.800000190734863,-5.900000095367432,-6.0,-6.0,-6.0,-6.0,-6.0,-6.0,-5.900000095367432,-5.900000095367432,-5.800000190734863,-5.800000190734863,-5.800000190734863,-5.900000095367432,-6.099999904632568,-6.199999809265137,-6.300000190734863,-6.400000095367432,-6.400000095367432,-6.400000095367432,-6.199999809265137,-6.099999904632568,-6.0,-5.800000190734863,-5.800000190734863,-5.699999809265137,-5.599999904632568,-5.5,-5.400000095367432,-5.300000190734863,-5.199999809265137,-5.199999809265137,-5.199999809265137,-5.099999904632568,-5.099999904632568,-5.0,-5.199999809265137,-5.400000095367432,-5.400000095367432,-5.300000190734863,-5.099999904632568,-5.0,-4.900000095367432
-5.699999809265137,-5.800000190734863,-5.800000190734863,-5.900000095367432,-5.900000095367432,-6.0,-6.0,-6.0,-6.099999904632568,-6.099999904632568,-6.099999904632568,-6.0,-6.0,-5.900000095367432,-5.900000095367432,-5.900000095367432,-5.900000095367432,-6.0,-6.099999904632568,-6.300000190734863,-6.400000095367432,-6.400000095367432,-6.400000095367432,-6.300000190734863,-6.199999809265137,-6.0,-5.900000095367432,-5.800000190734863,-5.699999809265137,-5.599999904632568,-5.5,-5.400000095367432,-5.300000190734863,-5.199999809265137,-5.099999904632568,-5.099999904632568,-5.099999904632568,-5.099999904632568,-5.0,-5.0,-5.0,-5.199999809265137,-5.400000095367432,-5.300000190734863,-5.199999809265137,-4.900000095367432,-4.900000095367432
