data_weather/step_26.json
{"header": {"nx": 220, "ny": 225, "lo1": 11.000000000000096, "la1": 39.480000000000906, "lo2": 16.475000000000172, "la2": 35.000000000000206, "dx": 0.025000000000000355, "dy": 0.020000000000003126, "refTime": "2026-02-04T14:00:00.000Z", "parameterCategory": 2, "parameterNumber": 2}, "data":
[rows 84 to 104 of 225, columns 144 to 191 of 220]
8.5,8.199999809265137,7.900000095367432,7.5,7.300000190734863,7.199999809265137,5.699999809265137,3.4000000953674316,1.600000023841858,2.4000000953674316,3.5999999046325684,4.0,4.0,3.9000000953674316,5.099999904632568,8.300000190734863,11.300000190734863,10.800000190734863,10.699999809265137,13.300000190734863,3.4000000953674316,-3.5999999046325684,-2.9000000953674316,-3.5,-4.0,-3.5999999046325684,-2.4000000953674316,-1.2000000476837158,2.200000047683716,3.5,4.099999904632568,4.0,3.5999999046325684,3.5,4.199999809265137,5.099999904632568,6.0,6.800000190734863,7.5,8.100000381469727,8.800000190734863,9.5,10.100000381469727,10.699999809265137,11.199999809265137,11.399999618530273,11.600000381469727,11.399999618530273
8.300000190734863,8.100000381469727,7.599999904632568,8.199999809265137,7.900000095367432,6.599999904632568,5.199999809265137,2.700000047683716,1.600000023841858,2.200000047683716,3.5,3.799999952316284,4.199999809265137,3.9000000953674316,4.699999809265137,8.199999809265137,13.300000190734863,11.399999618530273,11.100000381469727,14.300000190734863,5.400000095367432,-3.5999999046325684,-1.899999976158142,-0.8999999761581421,-2.4000000953674316,-2.700000047683716,-1.899999976158142,-0.800000011920929,1.600000023841858,3.799999952316284,5.099999904632568,5.099999904632568,4.400000095367432,4.199999809265137,4.900000095367432,5.699999809265137,6.599999904632568,7.199999809265137,7.800000190734863,8.399999618530273,9.100000381469727,9.800000190734863,10.399999618530273,10.899999618530273,11.0,11.300000190734863,11.199999809265137,11.100000381469727
8.100000381469727,8.100000381469727,7.800000190734863,7.699999809265137,7.199999809265137,6.0,4.199999809265137,2.5,1.899999976158142,2.700000047683716,3.299999952316284,3.5999999046325684,3.799999952316284,4.099999904632568,4.5,8.5,14.600000381469727,12.899999618530273,12.0,12.199999809265137,7.800000190734863,-2.799999952316284,-2.9000000953674316,-0.699999988079071,-0.699999988079071,-2.5999999046325684,-2.5999999046325684,-1.100000023841858,1.7000000476837158,4.900000095367432,6.400000095367432,6.300000190734863,5.400000095367432,5.300000190734863,5.900000095367432,6.800000190734863,7.599999904632568,8.100000381469727,8.5,8.899999618530273,9.199999809265137,9.899999618530273,10.5,11.100000381469727,11.399999618530273,11.5,11.399999618530273,11.199999809265137
9.100000381469727,8.699999809265137,7.900000095367432,7.0,6.099999904632568,5.699999809265137,5.0,2.9000000953674316,1.600000023841858,2.200000047683716,2.9000000953674316,3.5,3.9000000953674316,3.9000000953674316,4.800000190734863,9.600000381469727,14.399999618530273,12.699999809265137,12.899999618530273,15.5,9.199999809265137,0.6000000238418579,0.8999999761581421,1.0,0.4000000059604645,-0.5,-1.2000000476837158,-0.5,2.200000047683716,5.5,7.0,7.199999809265137,6.699999809265137,6.800000190734863,7.300000190734863,7.900000095367432,8.5,8.800000190734863,9.100000381469727,9.300000190734863,9.5,9.899999618530273,10.300000190734863,10.699999809265137,11.0,11.199999809265137,11.300000190734863,11.300000190734863
9.0,8.899999618530273,8.199999809265137,7.0,5.900000095367432,5.300000190734863,5.300000190734863,4.199999809265137,2.0999999046325684,2.299999952316284,3.0999999046325684,4.0,4.5,5.199999809265137,6.099999904632568,10.699999809265137,15.199999809265137,14.5,15.600000381469727,15.100000381469727,13.100000381469727,10.600000381469727,7.400000095367432,6.300000190734863,5.900000095367432,3.700000047683716,2.0,1.0,2.700000047683716,5.199999809265137,6.900000095367432,7.5,7.699999809265137,8.0,8.600000381469727,9.100000381469727,9.399999618530273,9.5,9.600000381469727,9.699999809265137,9.899999618530273,10.100000381469727,10.399999618530273,10.699999809265137,10.899999618530273,11.100000381469727,11.199999809265137,11.300000190734863
8.300000190734863,8.399999618530273,8.800000190734863,7.400000095367432,6.699999809265137,5.800000190734863,5.400000095367432,4.900000095367432,2.799999952316284,2.4000000953674316,3.700000047683716,4.699999809265137,5.199999809265137,6.0,7.199999809265137,10.699999809265137,14.199999809265137,13.600000381469727,13.699999809265137,15.5,14.600000381469727,13.600000381469727,11.399999618530273,9.699999809265137,8.699999809265137,7.199999809265137,5.099999904632568,2.9000000953674316,3.4000000953674316,4.900000095367432,6.400000095367432,7.400000095367432,8.199999809265137,8.899999618530273,9.5,10.0,10.100000381469727,10.100000381469727,10.0,10.0,10.100000381469727,10.300000190734863,10.600000381469727,10.800000190734863,10.899999618530273,11.0,11.100000381469727,11.199999809265137
8.100000381469727,7.699999809265137,8.0,7.599999904632568,7.199999809265137,6.400000095367432,5.5,4.699999809265137,3.5,3.700000047683716,4.400000095367432,5.199999809265137,6.0,6.900000095367432,8.300000190734863,9.5,12.0,13.399999618530273,12.800000190734863,13.5,13.800000190734863,12.899999618530273,11.800000190734863,11.0,10.199999809265137,9.199999809265137,7.0,5.199999809265137,4.5,5.0,6.199999809265137,7.599999904632568,8.600000381469727,9.5,10.199999809265137,10.600000381469727,10.699999809265137,10.5,10.300000190734863,10.199999809265137,10.399999618530273,10.600000381469727,10.699999809265137,10.899999618530273,10.899999618530273,11.0,11.100000381469727,11.199999809265137
7.5,7.400000095367432,7.699999809265137,7.699999809265137,7.400000095367432,6.800000190734863,6.0,5.099999904632568,3.9000000953674316,4.099999904632568,4.699999809265137,5.199999809265137,6.400000095367432,7.699999809265137,8.800000190734863,9.800000190734863,11.699999809265137,12.5,12.5,13.199999809265137,13.100000381469727,13.100000381469727,13.0,11.199999809265137,10.800000190734863,10.100000381469727,8.300000190734863,6.0,5.0,5.699999809265137,6.900000095367432,8.100000381469727,9.100000381469727,9.899999618530273,10.5,10.800000190734863,10.800000190734863,10.699999809265137,10.5,10.5,10.600000381469727,10.800000190734863,10.899999618530273,11.0,11.0,11.0,11.100000381469727,11.199999809265137
7.0,6.900000095367432,7.400000095367432,7.800000190734863,7.900000095367432,8.0,7.300000190734863,5.099999904632568,4.199999809265137,4.099999904632568,4.400000095367432,5.199999809265137,6.5,7.199999809265137,7.900000095367432,10.0,11.100000381469727,11.5,11.800000190734863,13.0,12.899999618530273,13.399999618530273,12.800000190734863,11.100000381469727,11.800000190734863,11.199999809265137,8.399999618530273,6.699999809265137,6.0,6.699999809265137,7.800000190734863,8.800000190734863,9.600000381469727,10.100000381469727,10.5,10.699999809265137,10.800000190734863,10.699999809265137,10.699999809265137,10.800000190734863,11.0,11.100000381469727,11.199999809265137,11.199999809265137,11.100000381469727,11.0,11.0,11.0
6.800000190734863,7.0,6.800000190734863,6.900000095367432,7.900000095367432,8.5,8.100000381469727,5.900000095367432,4.800000190734863,4.599999904632568,5.0,5.800000190734863,6.5,7.300000190734863,7.900000095367432,9.699999809265137,10.5,11.100000381469727,12.0,12.300000190734863,12.699999809265137,12.5,10.899999618530273,10.899999618530273,11.699999809265137,10.699999809265137,8.800000190734863,7.400000095367432,7.400000095367432,8.0,8.800000190734863,9.399999618530273,9.899999618530273,10.199999809265137,10.399999618530273,10.600000381469727,10.600000381469727,10.600000381469727,10.699999809265137,10.899999618530273,11.100000381469727,11.199999809265137,11.199999809265137,11.199999809265137,11.100000381469727,11.0,10.899999618530273,10.899999618530273
6.300000190734863,6.199999809265137,6.599999904632568,6.599999904632568,7.699999809265137,8.399999618530273,8.199999809265137,6.599999904632568,5.800000190734863,5.400000095367432,5.699999809265137,6.400000095367432,6.599999904632568,7.0,8.600000381469727,9.699999809265137,10.5,10.800000190734863,11.0,11.800000190734863,12.0,11.5,10.100000381469727,10.100000381469727,11.100000381469727,10.600000381469727,9.5,8.899999618530273,9.0,9.399999618530273,9.699999809265137,10.0,10.199999809265137,10.399999618530273,10.399999618530273,10.399999618530273,10.5,10.5,10.699999809265137,10.899999618530273,11.100000381469727,11.199999809265137,11.100000381469727,11.0,10.899999618530273,10.800000190734863,10.800000190734863,10.699999809265137
6.400000095367432,6.300000190734863,6.800000190734863,7.0,7.400000095367432,7.900000095367432,8.100000381469727,7.400000095367432,6.5,6.5,6.199999809265137,6.0,6.300000190734863,7.300000190734863,8.300000190734863,9.5,10.399999618530273,10.399999618530273,10.399999618530273,10.899999618530273,11.300000190734863,11.300000190734863,9.600000381469727,10.199999809265137,11.199999809265137,11.100000381469727,10.600000381469727,10.399999618530273,10.199999809265137,10.300000190734863,10.5,10.600000381469727,10.600000381469727,10.600000381469727,10.5,10.399999618530273,10.399999618530273,10.5,10.699999809265137,10.899999618530273,11.0,11.100000381469727,11.0,10.899999618530273,10.699999809265137,10.600000381469727,10.600000381469727,10.600000381469727
6.300000190734863,6.699999809265137,7.699999809265137,7.900000095367432,7.699999809265137,7.599999904632568,7.599999904632568,7.300000190734863,7.099999904632568,7.199999809265137,6.400000095367432,6.0,6.400000095367432,7.400000095367432,7.5,8.399999618530273,9.699999809265137,9.699999809265137,9.600000381469727,10.100000381469727,10.899999618530273,10.899999618530273,10.0,11.600000381469727,12.600000381469727,12.399999618530273,11.899999618530273,11.399999618530273,11.100000381469727,10.899999618530273,11.0,11.0,11.0,11.0,10.699999809265137,10.5,10.5,10.600000381469727,10.800000190734863,11.0,11.100000381469727,11.0,10.899999618530273,10.699999809265137,10.600000381469727,10.5,10.399999618530273,10.5
6.099999904632568,7.599999904632568,8.600000381469727,7.900000095367432,7.800000190734863,7.400000095367432,7.099999904632568,7.0,6.900000095367432,7.300000190734863,7.0,6.699999809265137,7.400000095367432,7.5,7.0,7.5,8.699999809265137,8.899999618530273,9.100000381469727,9.100000381469727,8.699999809265137,10.199999809265137,12.899999618530273,13.699999809265137,14.199999809265137,13.600000381469727,12.800000190734863,12.0,11.5,11.300000190734863,11.300000190734863,11.5,11.600000381469727,11.399999618530273,11.100000381469727,10.800000190734863,10.699999809265137,10.800000190734863,11.0,11.199999809265137,11.199999809265137,11.199999809265137,10.899999618530273,10.699999809265137,10.5,10.300000190734863,10.199999809265137,10.300000190734863
5.800000190734863,7.300000190734863,8.600000381469727,8.100000381469727,8.100000381469727,7.5,7.0,6.900000095367432,6.699999809265137,7.0,7.300000190734863,7.199999809265137,7.599999904632568,7.5,7.599999904632568,7.900000095367432,7.599999904632568,8.100000381469727,8.199999809265137,7.699999809265137,8.5,12.800000190734863,15.300000190734863,15.399999618530273,15.100000381469727,14.399999618530273,13.300000190734863,12.300000190734863,11.699999809265137,11.600000381469727,11.699999809265137,12.0,12.100000381469727,11.899999618530273,11.5,11.100000381469727,10.899999618530273,10.899999618530273,11.199999809265137,11.399999618530273,11.5,11.399999618530273,11.100000381469727,10.800000190734863,10.399999618530273,10.199999809265137,10.100000381469727,10.300000190734863
5.300000190734863,6.699999809265137,8.399999618530273,8.199999809265137,8.300000190734863,7.800000190734863,6.699999809265137,6.300000190734863,6.5,7.300000190734863,7.800000190734863,7.900000095367432,7.900000095367432,8.0,7.900000095367432,8.0,8.300000190734863,8.699999809265137,7.800000190734863,7.900000095367432,11.0,14.100000381469727,15.5,15.800000190734863,15.5,14.699999809265137,13.5,12.5,11.899999618530273,11.899999618530273,12.100000381469727,12.399999618530273,12.5,12.199999809265137,11.699999809265137,11.199999809265137,10.899999618530273,11.0,11.199999809265137,11.5,11.699999809265137,11.699999809265137,11.399999618530273,10.899999618530273,10.399999618530273,10.100000381469727,10.100000381469727,10.300000190734863
4.800000190734863,5.699999809265137,7.099999904632568,8.100000381469727,8.199999809265137,7.699999809265137,6.5,6.300000190734863,6.400000095367432,7.0,8.100000381469727,8.300000190734863,8.5,8.800000190734863,8.5,8.5,8.800000190734863,8.800000190734863,8.0,8.600000381469727,12.100000381469727,14.600000381469727,15.699999809265137,15.800000190734863,15.5,14.600000381469727,13.399999618530273,12.5,12.0,12.100000381469727,12.399999618530273,12.800000190734863,12.800000190734863,12.300000190734863,11.699999809265137,11.100000381469727,10.899999618530273,10.899999618530273,11.199999809265137,11.600000381469727,11.899999618530273,11.899999618530273,11.600000381469727,11.0,10.399999618530273,10.100000381469727,10.100000381469727,10.399999618530273
4.400000095367432,5.300000190734863,6.599999904632568,7.800000190734863,7.900000095367432,7.599999904632568,6.800000190734863,6.300000190734863,6.300000190734863,7.099999904632568,8.199999809265137,9.199999809265137,9.5,9.699999809265137,9.199999809265137,8.899999618530273,8.699999809265137,8.300000190734863,8.300000190734863,9.899999618530273,12.800000190734863,14.399999618530273,15.399999618530273,15.699999809265137,15.300000190734863,14.300000190734863,13.199999809265137,12.300000190734863,12.0,12.199999809265137,12.699999809265137,12.899999618530273,12.800000190734863,12.300000190734863,11.600000381469727,11.100000381469727,10.800000190734863,10.899999618530273,11.100000381469727,11.600000381469727,12.0,12.0,11.699999809265137,11.100000381469727,10.399999618530273,10.100000381469727,10.199999809265137,10.399999618530273
4.400000095367432,5.099999904632568,6.300000190734863,7.599999904632568,7.699999809265137,7.5,6.900000095367432,6.599999904632568,6.800000190734863,7.599999904632568,8.5,9.5,9.800000190734863,10.100000381469727,10.100000381469727,9.800000190734863,9.199999809265137,8.399999618530273,8.199999809265137,10.0,12.300000190734863,14.300000190734863,15.199999809265137,15.300000190734863,14.899999618530273,14.0,12.899999618530273,12.100000381469727,11.800000190734863,12.100000381469727,12.699999809265137,12.899999618530273,12.800000190734863,12.199999809265137,11.600000381469727,11.100000381469727,10.899999618530273,10.899999618530273,11.199999809265137,11.600000381469727,12.0,12.100000381469727,11.699999809265137,11.0,10.399999618530273,10.100000381469727,10.100000381469727,10.300000190734863
4.699999809265137,5.0,6.400000095367432,7.699999809265137,8.5,8.300000190734863,7.699999809265137,7.800000190734863,7.800000190734863,8.399999618530273,9.0,9.5,9.5,9.5,9.600000381469727,9.5,9.300000190734863,8.800000190734863,8.600000381469727,9.300000190734863,11.800000190734863,14.100000381469727,15.100000381469727,15.199999809265137,14.800000190734863,13.800000190734863,12.5,11.600000381469727,11.5,11.899999618530273,12.5,12.699999809265137,12.600000381469727,12.199999809265137,11.699999809265137,11.199999809265137,11.0,11.0,11.300000190734863,11.699999809265137,12.0,12.100000381469727,11.600000381469727,10.800000190734863,10.199999809265137,10.0,10.0,10.100000381469727
4.800000190734863,5.300000190734863,7.0,8.399999618530273,8.100000381469727,8.399999618530273,8.5,8.699999809265137,8.899999618530273,9.199999809265137,9.600000381469727,9.899999618530273,9.800000190734863,9.399999618530273,9.300000190734863,9.100000381469727,9.100000381469727,9.399999618530273,9.5,10.699999809265137,12.699999809265137,14.5,15.199999809265137,15.199999809265137,14.699999809265137,13.5,12.0,11.100000381469727,11.0,11.5,12.100000381469727,12.600000381469727,12.600000381469727,12.199999809265137,11.800000190734863,11.5,11.199999809265137,11.199999809265137,11.399999618530273,11.800000190734863,12.100000381469727,11.899999618530273,11.300000190734863,10.5,10.0,9.800000190734863,9.800000190734863,9.899999618530273
