data_weather/step_12.json
{"header": {"nx": 220, "ny": 225, "lo1": 11.000000000000096, "la1": 39.480000000000906, "lo2": 16.475000000000172, "la2": 35.000000000000206, "dx": 0.025000000000000355, "dy": 0.020000000000003126, "refTime": "2026-02-04T00:00:00.000Z", "parameterCategory": 2, "parameterNumber": 2}, "data":
[rows 120 to 139 of 225, columns 92 to 137 of 220]
-11.800000190734863,-11.800000190734863,-11.800000190734863,-11.899999618530273,-11.899999618530273,-11.899999618530273,-11.899999618530273,-11.800000190734863,-11.800000190734863,-11.699999809265137,-11.600000381469727,-11.5,-11.399999618530273,-11.300000190734863,-11.199999809265137,-11.0,-10.800000190734863,-10.699999809265137,-10.5,-10.300000190734863,-10.0,-9.800000190734863,-9.699999809265137,-9.300000190734863,-9.0,-8.399999618530273,-9.199999809265137,-9.199999809265137,-8.5,-7.699999809265137,-6.800000190734863,-6.300000190734863,-6.400000095367432,-6.300000190734863,-5.900000095367432,-5.300000190734863,-4.400000095367432,-3.4000000953674316,-2.700000047683716,-2.0,-2.299999952316284,-4.0,-5.099999904632568,-5.5,-4.099999904632568,-3.0
-11.5,-11.600000381469727,-11.699999809265137,-11.699999809265137,-11.800000190734863,-11.899999618530273,-11.899999618530273,-11.899999618530273,-11.800000190734863,-11.800000190734863,-11.699999809265137,-11.5,-11.399999618530273,-11.300000190734863,-11.100000381469727,-11.0,-10.800000190734863,-10.699999809265137,-10.5,-10.399999618530273,-10.199999809265137,-10.300000190734863,-10.100000381469727,-9.899999618530273,-9.600000381469727,-9.399999618530273,-9.199999809265137,-8.800000190734863,-8.300000190734863,-7.800000190734863,-7.199999809265137,-7.0,-7.0,-6.900000095367432,-6.599999904632568,-6.300000190734863,-5.599999904632568,-4.599999904632568,-3.299999952316284,-2.4000000953674316,-3.0999999046325684,-4.599999904632568,-5.199999809265137,-4.599999904632568,-3.700000047683716,-2.5999999046325684
-11.300000190734863,-11.300000190734863,-11.399999618530273,-11.5,-11.600000381469727,-11.699999809265137,-11.699999809265137,-11.699999809265137,-11.699999809265137,-11.699999809265137,-11.600000381469727,-11.5,-11.5,-11.399999618530273,-11.300000190734863,-11.199999809265137,-11.100000381469727,-11.0,-10.800000190734863,-10.600000381469727,-10.5,-10.300000190734863,-10.0,-9.699999809265137,-9.399999618530273,-9.199999809265137,-8.800000190734863,-8.5,-8.100000381469727,-7.800000190734863,-7.5,-7.199999809265137,-7.099999904632568,-6.900000095367432,-6.599999904632568,-6.300000190734863,-5.900000095367432,-5.199999809265137,-4.199999809265137,-3.4000000953674316,-3.9000000953674316,-4.599999904632568,-4.599999904632568,-3.700000047683716,-2.700000047683716,-2.5999999046325684
-11.100000381469727,-11.100000381469727,-11.199999809265137,-11.300000190734863,-11.399999618530273,-11.5,-11.5,-11.5,-11.5,-11.5,-11.399999618530273,-11.399999618530273,-11.300000190734863,-11.300000190734863,-11.199999809265137,-11.199999809265137,-11.199999809265137,-11.100000381469727,-11.0,-10.899999618530273,-10.800000190734863,-10.699999809265137,-10.5,-10.300000190734863,-10.0,-9.699999809265137,-9.199999809265137,-8.800000190734863,-8.5,-8.100000381469727,-7.800000190734863,-7.5,-7.300000190734863,-7.0,-6.800000190734863,-6.5,-6.300000190734863,-5.800000190734863,-5.400000095367432,-4.900000095367432,-4.699999809265137,-4.199999809265137,-3.5999999046325684,-2.799999952316284,-3.0,-3.5
-11.0,-11.0,-11.100000381469727,-11.199999809265137,-11.199999809265137,-11.300000190734863,-11.300000190734863,-11.300000190734863,-11.199999809265137,-11.199999809265137,-11.199999809265137,-11.199999809265137,-11.199999809265137,-11.199999809265137,-11.199999809265137,-11.199999809265137,-11.100000381469727,-11.100000381469727,-11.0,-11.0,-10.899999618530273,-10.800000190734863,-10.699999809265137,-10.5,-10.300000190734863,-10.300000190734863,-10.0,-9.800000190734863,-9.600000381469727,-9.399999618530273,-9.100000381469727,-8.800000190734863,-8.5,-8.0,-7.599999904632568,-7.300000190734863,-6.900000095367432,-6.599999904632568,-6.199999809265137,-5.800000190734863,-5.300000190734863,-4.300000190734863,-3.9000000953674316,-3.0,-3.5,-4.099999904632568
-10.899999618530273,-11.0,-11.0,-11.100000381469727,-11.100000381469727,-11.199999809265137,-11.199999809265137,-11.100000381469727,-11.100000381469727,-11.0,-11.0,-11.0,-11.0,-11.0,-11.0,-11.0,-11.0,-11.0,-11.0,-10.899999618530273,-10.899999618530273,-10.800000190734863,-10.699999809265137,-10.600000381469727,-10.5,-10.399999618530273,-10.300000190734863,-10.199999809265137,-10.0,-9.899999618530273,-9.800000190734863,-9.600000381469727,-9.600000381469727,-9.300000190734863,-9.100000381469727,-9.0,-8.800000190734863,-8.600000381469727,-8.100000381469727,-7.699999809265137,-6.5,-5.900000095367432,-4.900000095367432,-4.699999809265137,-4.800000190734863,-5.199999809265137
-10.800000190734863,-10.899999618530273,-11.0,-11.0,-11.100000381469727,-11.100000381469727,-11.100000381469727,-11.0,-11.0,-10.899999618530273,-10.899999618530273,-10.899999618530273,-10.899999618530273,-10.899999618530273,-10.899999618530273,-11.0,-11.0,-10.899999618530273,-10.899999618530273,-10.800000190734863,-10.699999809265137,-10.699999809265137,-10.600000381469727,-10.600000381469727,-10.5,-10.5,-10.399999618530273,-10.300000190734863,-10.300000190734863,-10.199999809265137,-10.0,-9.899999618530273,-9.699999809265137,-9.600000381469727,-9.5,-9.300000190734863,-9.199999809265137,-9.199999809265137,-9.100000381469727,-9.100000381469727,-8.5,-8.0,-7.400000095367432,-6.400000095367432,-5.699999809265137,-5.699999809265137
-10.800000190734863,-10.800000190734863,-10.899999618530273,-11.0,-11.0,-11.0,-11.0,-10.899999618530273,-10.899999618530273,-10.800000190734863,-10.800000190734863,-10.800000190734863,-10.800000190734863,-10.800000190734863,-10.899999618530273,-10.899999618530273,-10.899999618530273,-10.899999618530273,-10.800000190734863,-10.800000190734863,-10.699999809265137,-10.699999809265137,-10.600000381469727,-10.600000381469727,-10.600000381469727,-10.5,-10.5,-10.399999618530273,-10.399999618530273,-10.300000190734863,-10.199999809265137,-10.100000381469727,-10.0,-9.800000190734863,-9.699999809265137,-9.600000381469727,-9.5,-9.399999618530273,-9.300000190734863,-9.199999809265137,-9.0,-8.600000381469727,-8.100000381469727,-7.5,-6.599999904632568,-6.099999904632568
-10.699999809265137,-10.800000190734863,-10.800000190734863,-10.899999618530273,-10.899999618530273,-10.899999618530273,-10.899999618530273,-10.800000190734863,-10.800000190734863,-10.800000190734863,-10.699999809265137,-10.699999809265137,-10.800000190734863,-10.800000190734863,-10.800000190734863,-10.800000190734863,-10.800000190734863,-10.800000190734863,-10.800000190734863,-10.699999809265137,-10.699999809265137,-10.699999809265137,-10.699999809265137,-10.600000381469727,-10.600000381469727,-10.600000381469727,-10.600000381469727,-10.600000381469727,-10.5,-10.5,-10.399999618530273,-10.300000190734863,-10.199999809265137,-10.0,-9.899999618530273,-9.800000190734863,-9.699999809265137,-9.600000381469727,-9.600000381469727,-9.5,-9.399999618530273,-9.199999809265137,-8.899999618530273,-8.300000190734863,-7.400000095367432,-6.400000095367432
-10.600000381469727,-10.699999809265137,-10.699999809265137,-10.800000190734863,-10.800000190734863,-10.800000190734863,-10.699999809265137,-10.699999809265137,-10.699999809265137,-10.699999809265137,-10.699999809265137,-10.699999809265137,-10.699999809265137,-10.699999809265137,-10.699999809265137,-10.699999809265137,-10.699999809265137,-10.699999809265137,-10.600000381469727,-10.600000381469727,-10.600000381469727,-10.600000381469727,-10.600000381469727,-10.699999809265137,-10.699999809265137,-10.699999809265137,-10.699999809265137,-10.699999809265137,-10.699999809265137,-10.600000381469727,-10.600000381469727,-10.5,-10.399999618530273,-10.300000190734863,-10.100000381469727,-10.0,-9.899999618530273,-9.899999618530273,-9.800000190734863,-9.800000190734863,-9.800000190734863,-9.699999809265137,-9.399999618530273,-9.0,-8.300000190734863,-6.800000190734863
-10.5,-10.600000381469727,-10.600000381469727,-10.600000381469727,-10.600000381469727,-10.600000381469727,-10.600000381469727,-10.600000381469727,-10.600000381469727,-10.600000381469727,-10.600000381469727,-10.699999809265137,-10.699999809265137,-10.699999809265137,-10.699999809265137,-10.600000381469727,-10.600000381469727,-10.600000381469727,-10.5,-10.5,-10.5,-10.600000381469727,-10.600000381469727,-10.600000381469727,-10.699999809265137,-10.699999809265137,-10.699999809265137,-10.699999809265137,-10.699999809265137,-10.699999809265137,-10.699999809265137,-10.600000381469727,-10.600000381469727,-10.5,-10.399999618530273,-10.300000190734863,-10.199999809265137,-10.100000381469727,-10.100000381469727,-10.100000381469727,-10.100000381469727,-10.100000381469727,-10.0,-9.699999809265137,-9.199999809265137,-8.199999809265137
-10.399999618530273,-10.399999618530273,-10.5,-10.5,-10.399999618530273,-10.399999618530273,-10.399999618530273,-10.399999618530273,-10.399999618530273,-10.5,-10.5,-10.600000381469727,-10.600000381469727,-10.600000381469727,-10.600000381469727,-10.600000381469727,-10.5,-10.5,-10.5,-10.5,-10.5,-10.5,-10.5,-10.600000381469727,-10.600000381469727,-10.699999809265137,-10.699999809265137,-10.800000190734863,-10.800000190734863,-10.800000190734863,-10.699999809265137,-10.699999809265137,-10.699999809265137,-10.600000381469727,-10.5,-10.5,-10.399999618530273,-10.300000190734863,-10.300000190734863,-10.300000190734863,-10.399999618530273,-10.399999618530273,-10.399999618530273,-10.199999809265137,-9.899999618530273,-9.300000190734863
-10.199999809265137,-10.300000190734863,-10.300000190734863,-10.300000190734863,-10.300000190734863,-10.199999809265137,-10.199999809265137,-10.199999809265137,-10.300000190734863,-10.300000190734863,-10.399999618530273,-10.5,-10.5,-10.600000381469727,-10.600000381469727,-10.5,-10.5,-10.5,-10.399999618530273,-10.399999618530273,-10.399999618530273,-10.399999618530273,-10.399999618530273,-10.5,-10.5,-10.600000381469727,-10.699999809265137,-10.699999809265137,-10.699999809265137,-10.800000190734863,-10.800000190734863,-10.699999809265137,-10.699999809265137,-10.699999809265137,-10.699999809265137,-10.600000381469727,-10.600000381469727,-10.5,-10.5,-10.5,-10.600000381469727,-10.600000381469727,-10.600000381469727,-10.600000381469727,-10.300000190734863,-9.899999618530273
-10.100000381469727,-10.100000381469727,-10.100000381469727,-10.100000381469727,-10.100000381469727,-10.100000381469727,-10.100000381469727,-10.100000381469727,-10.100000381469727,-10.199999809265137,-10.300000190734863,-10.399999618530273,-10.399999618530273,-10.399999618530273,-10.399999618530273,-10.399999618530273,-10.399999618530273,-10.399999618530273,-10.399999618530273,-10.399999618530273,-10.399999618530273,-10.399999618530273,-10.399999618530273,-10.399999618530273,-10.399999618530273,-10.399999618530273,-10.5,-10.600000381469727,-10.600000381469727,-10.699999809265137,-10.699999809265137,-10.699999809265137,-10.800000190734863,-10.800000190734863,-10.800000190734863,-10.800000190734863,-10.800000190734863,-10.800000190734863,-10.699999809265137,-10.699999809265137,-10.699999809265137,-10.800000190734863,-10.800000190734863,-10.800000190734863,-10.699999809265137,-10.399999618530273
-9.899999618530273,-9.899999618530273,-9.899999618530273,-9.899999618530273,-9.899999618530273,-9.899999618530273,-9.899999618530273,-9.899999618530273,-10.0,-10.0,-10.100000381469727,-10.199999809265137,-10.300000190734863,-10.300000190734863,-10.300000190734863,-10.300000190734863,-10.300000190734863,-10.300000190734863,-10.300000190734863,-10.300000190734863,-10.399999618530273,-10.399999618530273,-10.399999618530273,-10.300000190734863,-10.300000190734863,-10.300000190734863,-10.399999618530273,-10.399999618530273,-10.399999618530273,-10.5,-10.600000381469727,-10.600000381469727,-10.699999809265137,-10.699999809265137,-10.800000190734863,-10.899999618530273,-10.899999618530273,-10.899999618530273,-10.899999618530273,-10.899999618530273,-10.899999618530273,-11.0,-11.0,-11.0,-11.0,-10.800000190734863
-9.699999809265137,-9.699999809265137,-9.699999809265137,-9.699999809265137,-9.699999809265137,-9.699999809265137,-9.699999809265137,-9.800000190734863,-9.800000190734863,-9.899999618530273,-10.0,-10.0,-10.100000381469727,-10.100000381469727,-10.100000381469727,-10.199999809265137,-10.199999809265137,-10.199999809265137,-10.199999809265137,-10.199999809265137,-10.300000190734863,-10.300000190734863,-10.300000190734863,-10.300000190734863,-10.300000190734863,-10.300000190734863,-10.199999809265137,-10.199999809265137,-10.199999809265137,-10.300000190734863,-10.300000190734863,-10.399999618530273,-10.5,-10.600000381469727,-10.699999809265137,-10.800000190734863,-10.899999618530273,-11.0,-11.100000381469727,-11.100000381469727,-11.100000381469727,-11.199999809265137,-11.199999809265137,-11.199999809265137,-11.100000381469727,-11.100000381469727
-9.5,-9.5,-9.5,-9.5,-9.5,-9.5,-9.600000381469727,-9.600000381469727,-9.699999809265137,-9.800000190734863,-9.800000190734863,-9.899999618530273,-9.899999618530273,-10.0,-10.0,-10.0,-10.0,-10.0,-10.100000381469727,-10.100000381469727,-10.199999809265137,-10.199999809265137,-10.199999809265137,-10.199999809265137,-10.199999809265137,-10.199999809265137,-10.199999809265137,-10.100000381469727,-10.100000381469727,-10.100000381469727,-10.199999809265137,-10.199999809265137,-10.300000190734863,-10.399999618530273,-10.5,-10.699999809265137,-10.800000190734863,-10.899999618530273,-11.100000381469727,-11.100000381469727,-11.199999809265137,-11.199999809265137,-11.199999809265137,-11.199999809265137,-11.199999809265137,-11.199999809265137
-9.399999618530273,-9.399999618530273,-9.300000190734863,-9.300000190734863,-9.300000190734863,-9.399999618530273,-9.399999618530273,-9.5,-9.600000381469727,-9.600000381469727,-9.699999809265137,-9.699999809265137,-9.699999809265137,-9.800000190734863,-9.800000190734863,-9.899999618530273,-9.899999618530273,-9.899999618530273,-9.899999618530273,-9.899999618530273,-10.0,-10.0,-10.100000381469727,-10.100000381469727,-10.100000381469727,-10.100000381469727,-10.100000381469727,-10.100000381469727,-10.0,-10.0,-10.0,-10.0,-10.100000381469727,-10.100000381469727,-10.199999809265137,-10.399999618530273,-10.5,-10.699999809265137,-10.899999618530273,-11.0,-11.100000381469727,-11.199999809265137,-11.199999809265137,-11.199999809265137,-11.199999809265137,-11.100000381469727
-9.300000190734863,-9.199999809265137,-9.199999809265137,-9.199999809265137,-9.199999809265137,-9.199999809265137,-9.300000190734863,-9.300000190734863,-9.399999618530273,-9.5,-9.5,-9.600000381469727,-9.600000381469727,-9.600000381469727,-9.699999809265137,-9.699999809265137,-9.699999809265137,-9.800000190734863,-9.800000190734863,-9.800000190734863,-9.800000190734863,-9.800000190734863,-9.800000190734863,-9.899999618530273,-9.899999618530273,-9.899999618530273,-9.899999618530273,-9.899999618530273,-9.899999618530273,-9.899999618530273,-9.899999618530273,-10.0,-10.0,-10.0,-10.100000381469727,-10.100000381469727,-10.300000190734863,-10.399999618530273,-10.600000381469727,-10.699999809265137,-10.800000190734863,-10.899999618530273,-11.0,-11.0,-11.0,-11.0
-9.199999809265137,-9.100000381469727,-9.100000381469727,-9.100000381469727,-9.100000381469727,-9.100000381469727,-9.100000381469727,-9.199999809265137,-9.300000190734863,-9.300000190734863,-9.399999618530273,-9.399999618530273,-9.5,-9.5,-9.5,-9.600000381469727,-9.600000381469727,-9.600000381469727,-9.699999809265137,-9.699999809265137,-9.699999809265137,-9.600000381469727,-9.600000381469727,-9.600000381469727,-9.699999809265137,-9.699999809265137,-9.699999809265137,-9.699999809265137,-9.800000190734863,-9.800000190734863,-9.800000190734863,-9.800000190734863,-9.899999618530273,-9.899999618530273,-9.899999618530273,-10.0,-10.0,-10.100000381469727,-10.199999809265137,-10.300000190734863,-10.399999618530273,-10.5,-10.600000381469727,-10.699999809265137,-10.699999809265137,-10.699999809265137
