data_weather/step_49.json
{"header": {"nx": 220, "ny": 225, "lo1": 11.000000000000096, "la1": 39.480000000000906, "lo2": 16.475000000000172, "la2": 35.000000000000206, "dx": 0.025000000000000355, "dy": 0.020000000000003126, "refTime": "2026-02-08T01:00:00.000Z", "parameterCategory": 2, "parameterNumber": 3}, "data":
[rows 200 to 219 of 225, columns 46 to 91 of 220]
-1.600000023841858,-1.7000000476837158,-1.899999976158142,-2.0,-2.200000047683716,-2.299999952316284,-2.4000000953674316,-2.5,-2.700000047683716,-2.799999952316284,-2.9000000953674316,-3.0,-3.200000047683716,-3.299999952316284,-3.5999999046325684,-3.700000047683716,-3.700000047683716,-4.099999904632568,-3.0999999046325684,-3.200000047683716,-3.4000000953674316,-3.700000047683716,-4.0,-4.300000190734863,-4.5,-4.699999809265137,-4.800000190734863,-4.800000190734863,-4.699999809265137,-4.699999809265137,-4.599999904632568,-4.5,-4.400000095367432,-4.300000190734863,-4.199999809265137,-4.099999904632568,-4.0,-4.0,-4.0,-4.099999904632568,-4.099999904632568,-4.199999809265137,-4.300000190734863,-4.5,-4.599999904632568,-4.699999809265137
-1.5,-1.7000000476837158,-1.899999976158142,-2.0,-2.200000047683716,-2.299999952316284,-2.5,-2.5999999046325684,-2.700000047683716,-2.9000000953674316,-3.0,-3.0999999046325684,-3.299999952316284,-3.5,-3.5999999046325684,-3.799999952316284,-4.0,-4.099999904632568,-4.099999904632568,-4.0,-3.9000000953674316,-4.0,-4.099999904632568,-4.300000190734863,-4.5,-4.599999904632568,-4.699999809265137,-4.800000190734863,-4.800000190734863,-4.699999809265137,-4.699999809265137,-4.599999904632568,-4.5,-4.5,-4.400000095367432,-4.300000190734863,-4.199999809265137,-4.199999809265137,-4.199999809265137,-4.300000190734863,-4.300000190734863,-4.400000095367432,-4.5,-4.599999904632568,-4.699999809265137,-4.699999809265137
-1.5,-1.7000000476837158,-1.899999976158142,-2.0,-2.200000047683716,-2.299999952316284,-2.5,-2.5999999046325684,-2.799999952316284,-2.9000000953674316,-3.0999999046325684,-3.200000047683716,-3.4000000953674316,-3.5999999046325684,-3.700000047683716,-3.9000000953674316,-4.199999809265137,-4.400000095367432,-4.5,-4.5,-4.5,-4.5,-4.5,-4.5,-4.599999904632568,-4.699999809265137,-4.699999809265137,-4.800000190734863,-4.800000190734863,-4.800000190734863,-4.800000190734863,-4.699999809265137,-4.699999809265137,-4.599999904632568,-4.599999904632568,-4.5,-4.400000095367432,-4.400000095367432,-4.400000095367432,-4.400000095367432,-4.5,-4.599999904632568,-4.599999904632568,-4.699999809265137,-4.699999809265137,-4.800000190734863
-1.600000023841858,-1.7000000476837158,-1.899999976158142,-2.0,-2.200000047683716,-2.299999952316284,-2.5,-2.5999999046325684,-2.799999952316284,-2.9000000953674316,-3.0999999046325684,-3.200000047683716,-3.4000000953674316,-3.5999999046325684,-3.799999952316284,-4.0,-4.300000190734863,-4.5,-4.699999809265137,-4.900000095367432,-4.900000095367432,-4.900000095367432,-4.900000095367432,-4.800000190734863,-4.800000190734863,-4.900000095367432,-4.900000095367432,-4.900000095367432,-4.900000095367432,-4.900000095367432,-4.800000190734863,-4.800000190734863,-4.800000190734863,-4.800000190734863,-4.699999809265137,-4.699999809265137,-4.599999904632568,-4.599999904632568,-4.599999904632568,-4.599999904632568,-4.599999904632568,-4.699999809265137,-4.699999809265137,-4.800000190734863,-4.800000190734863,-4.800000190734863
-1.600000023841858,-1.7000000476837158,-1.899999976158142,-2.0,-2.200000047683716,-2.299999952316284,-2.5,-2.5999999046325684,-2.700000047683716,-2.9000000953674316,-3.0999999046325684,-3.200000047683716,-3.4000000953674316,-3.700000047683716,-3.9000000953674316,-4.099999904632568,-4.300000190734863,-4.599999904632568,-4.800000190734863,-5.0,-5.099999904632568,-5.199999809265137,-5.199999809265137,-5.199999809265137,-5.099999904632568,-5.099999904632568,-5.099999904632568,-5.099999904632568,-5.099999904632568,-5.0,-5.0,-5.0,-5.0,-5.0,-4.900000095367432,-4.900000095367432,-4.800000190734863,-4.699999809265137,-4.699999809265137,-4.699999809265137,-4.699999809265137,-4.699999809265137,-4.800000190734863,-4.800000190734863,-4.800000190734863,-4.800000190734863
-1.600000023841858,-1.7000000476837158,-1.899999976158142,-2.0,-2.200000047683716,-2.299999952316284,-2.5,-2.5999999046325684,-2.700000047683716,-2.9000000953674316,-3.0,-3.200000047683716,-3.4000000953674316,-3.700000047683716,-3.9000000953674316,-4.099999904632568,-4.300000190734863,-4.599999904632568,-4.800000190734863,-5.0,-5.199999809265137,-5.300000190734863,-5.400000095367432,-5.400000095367432,-5.400000095367432,-5.300000190734863,-5.300000190734863,-5.300000190734863,-5.300000190734863,-5.199999809265137,-5.199999809265137,-5.199999809265137,-5.199999809265137,-5.099999904632568,-5.099999904632568,-5.0,-4.900000095367432,-4.900000095367432,-4.800000190734863,-4.800000190734863,-4.800000190734863,-4.800000190734863,-4.800000190734863,-4.800000190734863,-4.800000190734863,-4.800000190734863
-1.600000023841858,-1.7000000476837158,-1.7999999523162842,-2.0,-2.200000047683716,-2.299999952316284,-2.4000000953674316,-2.5999999046325684,-2.700000047683716,-2.9000000953674316,-3.0,-3.200000047683716,-3.4000000953674316,-3.5999999046325684,-3.9000000953674316,-4.099999904632568,-4.300000190734863,-4.5,-4.800000190734863,-5.0,-5.199999809265137,-5.300000190734863,-5.400000095367432,-5.5,-5.5,-5.5,-5.5,-5.5,-5.5,-5.5,-5.400000095367432,-5.400000095367432,-5.400000095367432,-5.300000190734863,-5.199999809265137,-5.099999904632568,-5.0,-5.0,-4.900000095367432,-4.800000190734863,-4.800000190734863,-4.800000190734863,-4.800000190734863,-4.800000190734863,-4.800000190734863,-4.699999809265137
-1.5,-1.600000023841858,-1.7999999523162842,-2.0,-2.0999999046325684,-2.299999952316284,-2.4000000953674316,-2.5999999046325684,-2.700000047683716,-2.799999952316284,-3.0,-3.200000047683716,-3.4000000953674316,-3.5999999046325684,-3.799999952316284,-4.0,-4.300000190734863,-4.5,-4.699999809265137,-4.900000095367432,-5.099999904632568,-5.300000190734863,-5.400000095367432,-5.5,-5.599999904632568,-5.699999809265137,-5.699999809265137,-5.699999809265137,-5.699999809265137,-5.699999809265137,-5.599999904632568,-5.599999904632568,-5.5,-5.400000095367432,-5.300000190734863,-5.199999809265137,-5.099999904632568,-5.0,-5.0,-4.900000095367432,-4.900000095367432,-4.800000190734863,-4.800000190734863,-4.800000190734863,-4.800000190734863,-4.699999809265137
-1.5,-1.600000023841858,-1.7999999523162842,-1.899999976158142,-2.0999999046325684,-2.299999952316284,-2.4000000953674316,-2.5,-2.700000047683716,-2.799999952316284,-3.0,-3.200000047683716,-3.4000000953674316,-3.5999999046325684,-3.799999952316284,-4.0,-4.199999809265137,-4.400000095367432,-4.699999809265137,-4.900000095367432,-5.099999904632568,-5.300000190734863,-5.400000095367432,-5.599999904632568,-5.599999904632568,-5.699999809265137,-5.800000190734863,-5.800000190734863,-5.800000190734863,-5.800000190734863,-5.800000190734863,-5.699999809265137,-5.599999904632568,-5.5,-5.400000095367432,-5.300000190734863,-5.199999809265137,-5.099999904632568,-5.0,-5.0,-4.900000095367432,-4.900000095367432,-4.800000190734863,-4.800000190734863,-4.800000190734863,-4.800000190734863
-1.5,-1.600000023841858,-1.7999999523162842,-2.0,-2.0999999046325684,-2.299999952316284,-2.4000000953674316,-2.5999999046325684,-2.700000047683716,-2.9000000953674316,-3.0,-3.200000047683716,-3.299999952316284,-3.5,-3.700000047683716,-3.9000000953674316,-4.199999809265137,-4.400000095367432,-4.599999904632568,-4.800000190734863,-5.0,-5.199999809265137,-5.400000095367432,-5.599999904632568,-5.699999809265137,-5.800000190734863,-5.800000190734863,-5.900000095367432,-5.900000095367432,-5.900000095367432,-5.800000190734863,-5.800000190734863,-5.699999809265137,-5.599999904632568,-5.5,-5.400000095367432,-5.300000190734863,-5.199999809265137,-5.099999904632568,-5.0,-5.0,-4.900000095367432,-4.900000095367432,-4.900000095367432,-4.900000095367432,-4.900000095367432
-1.5,-1.7000000476837158,-1.899999976158142,-2.0,-2.200000047683716,-2.299999952316284,-2.5,-2.5999999046325684,-2.799999952316284,-2.9000000953674316,-3.0,-3.200000047683716,-3.299999952316284,-3.5,-3.5999999046325684,-3.9000000953674316,-4.099999904632568,-4.300000190734863,-4.599999904632568,-4.800000190734863,-5.0,-5.199999809265137,-5.400000095367432,-5.5,-5.699999809265137,-5.800000190734863,-5.800000190734863,-5.900000095367432,-5.900000095367432,-5.900000095367432,-5.900000095367432,-5.800000190734863,-5.699999809265137,-5.599999904632568,-5.5,-5.400000095367432,-5.300000190734863,-5.199999809265137,-5.199999809265137,-5.099999904632568,-5.0,-5.0,-5.0,-5.0,-5.0,-5.0
-1.600000023841858,-1.7999999523162842,-1.899999976158142,-2.0999999046325684,-2.200000047683716,-2.4000000953674316,-2.5,-2.700000047683716,-2.799999952316284,-3.0,-3.0999999046325684,-3.200000047683716,-3.299999952316284,-3.4000000953674316,-3.5999999046325684,-3.799999952316284,-4.0,-4.199999809265137,-4.400000095367432,-4.699999809265137,-4.900000095367432,-5.099999904632568,-5.300000190734863,-5.5,-5.599999904632568,-5.800000190734863,-5.800000190734863,-5.900000095367432,-5.900000095367432,-5.900000095367432,-5.900000095367432,-5.800000190734863,-5.800000190734863,-5.699999809265137,-5.599999904632568,-5.5,-5.400000095367432,-5.300000190734863,-5.199999809265137,-5.099999904632568,-5.099999904632568,-5.099999904632568,-5.099999904632568,-5.0,-5.0,-5.0
-1.7000000476837158,-1.7999999523162842,-2.0,-2.200000047683716,-2.299999952316284,-2.5,-2.5999999046325684,-2.700000047683716,-2.9000000953674316,-3.0,-3.0999999046325684,-3.200000047683716,-3.299999952316284,-3.4000000953674316,-3.5,-3.700000047683716,-3.799999952316284,-4.099999904632568,-4.300000190734863,-4.5,-4.800000190734863,-5.0,-5.199999809265137,-5.400000095367432,-5.599999904632568,-5.699999809265137,-5.800000190734863,-5.900000095367432,-5.900000095367432,-5.900000095367432,-5.900000095367432,-5.800000190734863,-5.800000190734863,-5.699999809265137,-5.599999904632568,-5.5,-5.400000095367432,-5.300000190734863,-5.199999809265137,-5.199999809265137,-5.099999904632568,-5.099999904632568,-5.099999904632568,-5.0,-5.0,-4.900000095367432
-1.7999999523162842,-1.899999976158142,-2.0999999046325684,-2.200000047683716,-2.299999952316284,-2.5,-2.5999999046325684,-2.799999952316284,-2.9000000953674316,-3.0,-3.0999999046325684,-3.200000047683716,-3.299999952316284,-3.4000000953674316,-3.5,-3.5999999046325684,-3.700000047683716,-3.9000000953674316,-4.099999904632568,-4.300000190734863,-4.599999904632568,-4.800000190734863,-5.0,-5.199999809265137,-5.400000095367432,-5.599999904632568,-5.699999809265137,-5.800000190734863,-5.900000095367432,-5.900000095367432,-5.900000095367432,-5.800000190734863,-5.699999809265137,-5.599999904632568,-5.5,-5.400000095367432,-5.400000095367432,-5.300000190734863,-5.199999809265137,-5.199999809265137,-5.099999904632568,-5.0,-4.900000095367432,-4.900000095367432,-4.800000190734863,-4.699999809265137
-1.899999976158142,-2.0,-2.0999999046325684,-2.200000047683716,-2.299999952316284,-2.5,-2.5999999046325684,-2.700000047683716,-2.799999952316284,-3.0,-3.0999999046325684,-3.200000047683716,-3.299999952316284,-3.299999952316284,-3.4000000953674316,-3.5,-3.700000047683716,-3.799999952316284,-4.0,-4.199999809265137,-4.400000095367432,-4.599999904632568,-4.800000190734863,-5.0,-5.199999809265137,-5.400000095367432,-5.599999904632568,-5.699999809265137,-5.800000190734863,-5.800000190734863,-5.800000190734863,-5.800000190734863,-5.699999809265137,-5.599999904632568,-5.5,-5.5,-5.400000095367432,-5.300000190734863,-5.300000190734863,-5.199999809265137,-5.0,-4.900000095367432,-4.800000190734863,-4.699999809265137,-4.599999904632568,-4.5
-2.0,-2.0999999046325684,-2.0999999046325684,-2.200000047683716,-2.299999952316284,-2.4000000953674316,-2.5,-2.5999999046325684,-2.700000047683716,-2.9000000953674316,-3.0,-3.0999999046325684,-3.200000047683716,-3.299999952316284,-3.4000000953674316,-3.5,-3.5999999046325684,-3.700000047683716,-3.9000000953674316,-4.0,-4.199999809265137,-4.400000095367432,-4.599999904632568,-4.800000190734863,-5.0,-5.199999809265137,-5.400000095367432,-5.5,-5.599999904632568,-5.599999904632568,-5.699999809265137,-5.699999809265137,-5.599999904632568,-5.599999904632568,-5.5,-5.5,-5.400000095367432,-5.400000095367432,-5.199999809265137,-5.099999904632568,-4.900000095367432,-4.699999809265137,-4.599999904632568,-4.5,-4.400000095367432,-4.400000095367432
-2.0999999046325684,-2.0999999046325684,-2.0999999046325684,-2.200000047683716,-2.200000047683716,-2.299999952316284,-2.4000000953674316,-2.5,-2.5999999046325684,-2.700000047683716,-2.9000000953674316,-3.0,-3.0999999046325684,-3.200000047683716,-3.299999952316284,-3.4000000953674316,-3.5,-3.5999999046325684,-3.799999952316284,-3.9000000953674316,-4.099999904632568,-4.300000190734863,-4.400000095367432,-4.599999904632568,-4.800000190734863,-5.0,-5.099999904632568,-5.300000190734863,-5.400000095367432,-5.400000095367432,-5.5,-5.5,-5.599999904632568,-5.599999904632568,-5.5,-5.5,-5.400000095367432,-5.300000190734863,-5.099999904632568,-5.0,-4.800000190734863,-4.699999809265137,-4.599999904632568,-4.5,-4.5,-4.5
-2.0999999046325684,-2.0999999046325684,-2.0999999046325684,-2.0999999046325684,-2.200000047683716,-2.200000047683716,-2.299999952316284,-2.4000000953674316,-2.5,-2.700000047683716,-2.799999952316284,-2.9000000953674316,-3.0,-3.0999999046325684,-3.200000047683716,-3.299999952316284,-3.4000000953674316,-3.5,-3.700000047683716,-3.799999952316284,-3.9000000953674316,-4.099999904632568,-4.199999809265137,-4.400000095367432,-4.599999904632568,-4.800000190734863,-4.900000095367432,-5.0,-5.199999809265137,-5.199999809265137,-5.300000190734863,-5.400000095367432,-5.400000095367432,-5.400000095367432,-5.400000095367432,-5.400000095367432,-5.300000190734863,-5.199999809265137,-5.0,-4.900000095367432,-4.800000190734863,-4.800000190734863,-4.699999809265137,-4.699999809265137,-4.699999809265137,-4.699999809265137
-2.0,-2.0,-2.0,-2.0999999046325684,-2.0999999046325684,-2.0999999046325684,-2.200000047683716,-2.299999952316284,-2.5,-2.5999999046325684,-2.700000047683716,-2.799999952316284,-3.0,-3.0999999046325684,-3.200000047683716,-3.299999952316284,-3.4000000953674316,-3.5,-3.5999999046325684,-3.700000047683716,-3.799999952316284,-3.9000000953674316,-4.099999904632568,-4.300000190734863,-4.400000095367432,-4.599999904632568,-4.800000190734863,-4.900000095367432,-5.0,-5.099999904632568,-5.099999904632568,-5.199999809265137,-5.199999809265137,-5.199999809265137,-5.199999809265137,-5.199999809265137,-5.099999904632568,-5.099999904632568,-5.0,-5.0,-5.0,-5.0,-5.0,-5.0,-5.0,-4.900000095367432
-2.0,-2.0,-2.0,-2.0,-2.0999999046325684,-2.0999999046325684,-2.200000047683716,-2.299999952316284,-2.4000000953674316,-2.5999999046325684,-2.700000047683716,-2.799999952316284,-2.9000000953674316,-3.0,-3.0999999046325684,-3.299999952316284,-3.4000000953674316,-3.5,-3.5999999046325684,-3.700000047683716,-3.799999952316284,-3.9000000953674316,-4.0,-4.199999809265137,-4.400000095367432,-4.5,-4.699999809265137,-4.800000190734863,-4.900000095367432,-5.0,-5.0,-5.099999904632568,-5.099999904632568,-5.099999904632568,-5.099999904632568,-5.099999904632568,-5.099999904632568,-5.099999904632568,-5.199999809265137,-5.199999809265137,-5.300000190734863,-5.300000190734863,-5.199999809265137,-5.199999809265137,-5.099999904632568,-5.0
