data_weather/step_59.json
{"header": {"nx": 220, "ny": 225, "lo1": 11.000000000000096, "la1": 39.480000000000906, "lo2": 16.475000000000172, "la2": 35.000000000000206, "dx": 0.025000000000000355, "dy": 0.020000000000003126, "scanMode": 0, "refTime": "2026-02-05T11:00:00.000Z", "parameterCategory": 2, "parameterNumber": 2}, "data":
[rows 168 to 188 of 225, columns 48 to 95 of 220]
7.900000095367432,7.900000095367432,7.900000095367432,8.0,8.100000381469727,8.199999809265137,8.300000190734863,8.399999618530273,8.5,8.600000381469727,8.600000381469727,8.699999809265137,8.899999618530273,9.0,9.0,9.100000381469727,9.100000381469727,9.100000381469727,9.100000381469727,9.100000381469727,9.100000381469727,9.199999809265137,9.300000190734863,9.300000190734863,9.300000190734863,9.199999809265137,9.199999809265137,9.199999809265137,9.199999809265137,9.399999618530273,9.600000381469727,9.699999809265137,9.800000190734863,9.899999618530273,9.899999618530273,9.899999618530273,9.899999618530273,9.899999618530273,10.0,10.199999809265137,10.300000190734863,10.399999618530273,10.399999618530273,10.199999809265137,9.899999618530273,9.600000381469727,9.600000381469727,9.800000190734863
7.900000095367432,7.900000095367432,7.900000095367432,8.0,8.100000381469727,8.100000381469727,8.199999809265137,8.300000190734863,8.399999618530273,8.5,8.600000381469727,8.699999809265137,8.800000190734863,8.899999618530273,9.0,9.100000381469727,9.100000381469727,9.100000381469727,9.100000381469727,9.100000381469727,9.100000381469727,9.100000381469727,9.199999809265137,9.199999809265137,9.199999809265137,9.199999809265137,9.199999809265137,9.100000381469727,9.199999809265137,9.300000190734863,9.5,9.699999809265137,9.800000190734863,9.800000190734863,9.800000190734863,9.800000190734863,9.800000190734863,9.899999618530273,10.0,10.100000381469727,10.199999809265137,10.399999618530273,10.399999618530273,10.199999809265137,9.899999618530273,9.699999809265137,9.600000381469727,9.800000190734863
7.900000095367432,7.900000095367432,7.900000095367432,8.0,8.0,8.100000381469727,8.199999809265137,8.300000190734863,8.399999618530273,8.399999618530273,8.5,8.699999809265137,8.800000190734863,8.899999618530273,9.0,9.100000381469727,9.100000381469727,9.100000381469727,9.100000381469727,9.100000381469727,9.100000381469727,9.100000381469727,9.199999809265137,9.199999809265137,9.199999809265137,9.100000381469727,9.100000381469727,9.100000381469727,9.100000381469727,9.199999809265137,9.399999618530273,9.600000381469727,9.699999809265137,9.699999809265137,9.800000190734863,9.699999809265137,9.800000190734863,9.800000190734863,9.899999618530273,10.0,10.100000381469727,10.300000190734863,10.300000190734863,10.300000190734863,10.0,9.800000190734863,9.699999809265137,9.800000190734863
7.800000190734863,7.900000095367432,7.900000095367432,8.0,8.0,8.100000381469727,8.199999809265137,8.199999809265137,8.300000190734863,8.399999618530273,8.5,8.600000381469727,8.699999809265137,8.899999618530273,9.0,9.0,9.100000381469727,9.100000381469727,9.100000381469727,9.100000381469727,9.100000381469727,9.100000381469727,9.199999809265137,9.199999809265137,9.199999809265137,9.100000381469727,9.100000381469727,9.0,9.100000381469727,9.199999809265137,9.300000190734863,9.5,9.600000381469727,9.699999809265137,9.699999809265137,9.699999809265137,9.699999809265137,9.699999809265137,9.800000190734863,9.899999618530273,10.0,10.100000381469727,10.199999809265137,10.300000190734863,10.100000381469727,9.899999618530273,9.800000190734863,9.800000190734863
7.800000190734863,7.800000190734863,7.900000095367432,7.900000095367432,8.0,8.0,8.100000381469727,8.199999809265137,8.300000190734863,8.300000190734863,8.5,8.600000381469727,8.699999809265137,8.800000190734863,8.899999618530273,9.0,9.0,9.100000381469727,9.100000381469727,9.100000381469727,9.199999809265137,9.199999809265137,9.199999809265137,9.199999809265137,9.199999809265137,9.100000381469727,9.100000381469727,9.0,9.0,9.100000381469727,9.199999809265137,9.399999618530273,9.5,9.600000381469727,9.600000381469727,9.699999809265137,9.699999809265137,9.699999809265137,9.699999809265137,9.800000190734863,9.800000190734863,9.899999618530273,10.100000381469727,10.199999809265137,10.100000381469727,10.0,9.899999618530273,9.899999618530273
7.699999809265137,7.800000190734863,7.800000190734863,7.800000190734863,7.900000095367432,7.900000095367432,8.0,8.100000381469727,8.199999809265137,8.300000190734863,8.399999618530273,8.5,8.699999809265137,8.800000190734863,8.899999618530273,9.0,9.0,9.0,9.100000381469727,9.100000381469727,9.199999809265137,9.199999809265137,9.199999809265137,9.199999809265137,9.199999809265137,9.199999809265137,9.100000381469727,9.100000381469727,9.100000381469727,9.100000381469727,9.199999809265137,9.399999618530273,9.5,9.5,9.600000381469727,9.600000381469727,9.600000381469727,9.699999809265137,9.699999809265137,9.699999809265137,9.699999809265137,9.800000190734863,9.899999618530273,10.0,10.100000381469727,10.0,10.0,10.0
7.699999809265137,7.699999809265137,7.699999809265137,7.699999809265137,7.800000190734863,7.800000190734863,7.900000095367432,7.900000095367432,8.0,8.100000381469727,8.300000190734863,8.399999618530273,8.600000381469727,8.699999809265137,8.800000190734863,8.899999618530273,9.0,9.0,9.100000381469727,9.100000381469727,9.199999809265137,9.199999809265137,9.300000190734863,9.300000190734863,9.300000190734863,9.199999809265137,9.199999809265137,9.199999809265137,9.100000381469727,9.199999809265137,9.199999809265137,9.300000190734863,9.399999618530273,9.5,9.600000381469727,9.600000381469727,9.600000381469727,9.600000381469727,9.699999809265137,9.699999809265137,9.699999809265137,9.699999809265137,9.800000190734863,9.899999618530273,10.0,10.0,10.0,10.0
7.800000190734863,7.699999809265137,7.699999809265137,7.699999809265137,7.699999809265137,7.800000190734863,7.800000190734863,7.800000190734863,7.900000095367432,8.0,8.100000381469727,8.300000190734863,8.5,8.600000381469727,8.800000190734863,8.899999618530273,8.899999618530273,9.0,9.0,9.100000381469727,9.199999809265137,9.199999809265137,9.300000190734863,9.300000190734863,9.300000190734863,9.199999809265137,9.199999809265137,9.199999809265137,9.199999809265137,9.199999809265137,9.199999809265137,9.300000190734863,9.399999618530273,9.5,9.5,9.600000381469727,9.600000381469727,9.600000381469727,9.699999809265137,9.699999809265137,9.699999809265137,9.699999809265137,9.800000190734863,9.899999618530273,9.899999618530273,10.0,10.0,10.0
7.800000190734863,7.699999809265137,7.699999809265137,7.699999809265137,7.699999809265137,7.699999809265137,7.699999809265137,7.800000190734863,7.800000190734863,7.900000095367432,8.0,8.199999809265137,8.399999618530273,8.5,8.699999809265137,8.800000190734863,8.800000190734863,8.899999618530273,9.0,9.100000381469727,9.100000381469727,9.199999809265137,9.300000190734863,9.300000190734863,9.300000190734863,9.300000190734863,9.199999809265137,9.199999809265137,9.199999809265137,9.199999809265137,9.300000190734863,9.300000190734863,9.399999618530273,9.5,9.5,9.5,9.600000381469727,9.600000381469727,9.600000381469727,9.699999809265137,9.699999809265137,9.699999809265137,9.800000190734863,9.800000190734863,9.899999618530273,10.0,10.0,10.100000381469727
7.800000190734863,7.800000190734863,7.699999809265137,7.699999809265137,7.699999809265137,7.699999809265137,7.699999809265137,7.699999809265137,7.699999809265137,7.800000190734863,7.900000095367432,8.0,8.199999809265137,8.399999618530273,8.5,8.699999809265137,8.699999809265137,8.800000190734863,8.899999618530273,9.0,9.100000381469727,9.199999809265137,9.199999809265137,9.300000190734863,9.300000190734863,9.300000190734863,9.199999809265137,9.199999809265137,9.199999809265137,9.199999809265137,9.300000190734863,9.300000190734863,9.399999618530273,9.399999618530273,9.5,9.5,9.5,9.600000381469727,9.600000381469727,9.600000381469727,9.699999809265137,9.699999809265137,9.800000190734863,9.899999618530273,9.899999618530273,10.0,10.0,10.0
7.800000190734863,7.800000190734863,7.699999809265137,7.699999809265137,7.699999809265137,7.699999809265137,7.699999809265137,7.699999809265137,7.699999809265137,7.699999809265137,7.800000190734863,7.900000095367432,8.0,8.199999809265137,8.399999618530273,8.5,8.600000381469727,8.699999809265137,8.800000190734863,9.0,9.100000381469727,9.199999809265137,9.199999809265137,9.300000190734863,9.300000190734863,9.300000190734863,9.300000190734863,9.300000190734863,9.300000190734863,9.199999809265137,9.300000190734863,9.300000190734863,9.399999618530273,9.399999618530273,9.399999618530273,9.5,9.5,9.5,9.600000381469727,9.600000381469727,9.699999809265137,9.699999809265137,9.800000190734863,9.899999618530273,9.899999618530273,9.899999618530273,10.0,10.0
7.800000190734863,7.800000190734863,7.699999809265137,7.699999809265137,7.699999809265137,7.699999809265137,7.699999809265137,7.699999809265137,7.699999809265137,7.699999809265137,7.699999809265137,7.800000190734863,7.900000095367432,8.100000381469727,8.199999809265137,8.399999618530273,8.5,8.600000381469727,8.800000190734863,8.899999618530273,9.0,9.100000381469727,9.199999809265137,9.300000190734863,9.300000190734863,9.399999618530273,9.300000190734863,9.300000190734863,9.199999809265137,9.199999809265137,9.199999809265137,9.300000190734863,9.300000190734863,9.399999618530273,9.399999618530273,9.399999618530273,9.399999618530273,9.5,9.5,9.600000381469727,9.600000381469727,9.699999809265137,9.800000190734863,9.899999618530273,9.899999618530273,9.899999618530273,9.899999618530273,10.0
7.800000190734863,7.699999809265137,7.699999809265137,7.699999809265137,7.699999809265137,7.699999809265137,7.699999809265137,7.699999809265137,7.699999809265137,7.699999809265137,7.699999809265137,7.800000190734863,7.800000190734863,7.900000095367432,8.100000381469727,8.199999809265137,8.399999618530273,8.5,8.699999809265137,8.800000190734863,8.899999618530273,9.100000381469727,9.199999809265137,9.199999809265137,9.399999618530273,9.399999618530273,9.199999809265137,8.800000190734863,9.0,9.199999809265137,9.300000190734863,9.300000190734863,9.300000190734863,9.300000190734863,9.399999618530273,9.399999618530273,9.399999618530273,9.5,9.5,9.5,9.600000381469727,9.699999809265137,9.800000190734863,9.899999618530273,9.899999618530273,9.899999618530273,9.899999618530273,9.899999618530273
7.699999809265137,7.699999809265137,7.699999809265137,7.699999809265137,7.699999809265137,7.699999809265137,7.699999809265137,7.699999809265137,7.699999809265137,7.699999809265137,7.699999809265137,7.699999809265137,7.800000190734863,7.900000095367432,8.0,8.100000381469727,8.300000190734863,8.399999618530273,8.600000381469727,8.699999809265137,8.899999618530273,9.0,9.100000381469727,9.199999809265137,9.399999618530273,9.199999809265137,8.399999618530273,8.399999618530273,9.0,9.300000190734863,9.300000190734863,9.300000190734863,9.300000190734863,9.300000190734863,9.399999618530273,9.399999618530273,9.399999618530273,9.5,9.5,9.5,9.600000381469727,9.699999809265137,9.800000190734863,9.800000190734863,9.899999618530273,9.899999618530273,9.899999618530273,9.800000190734863
7.699999809265137,7.699999809265137,7.699999809265137,7.599999904632568,7.599999904632568,7.599999904632568,7.699999809265137,7.699999809265137,7.699999809265137,7.699999809265137,7.699999809265137,7.699999809265137,7.800000190734863,7.800000190734863,7.900000095367432,8.0,8.199999809265137,8.399999618530273,8.5,8.699999809265137,8.800000190734863,8.899999618530273,9.0,9.100000381469727,9.300000190734863,9.199999809265137,8.5,8.600000381469727,9.100000381469727,9.300000190734863,9.399999618530273,9.300000190734863,9.300000190734863,9.399999618530273,9.399999618530273,9.399999618530273,9.399999618530273,9.399999618530273,9.5,9.5,9.600000381469727,9.600000381469727,9.699999809265137,9.800000190734863,9.800000190734863,9.800000190734863,9.800000190734863,9.800000190734863
7.599999904632568,7.599999904632568,7.599999904632568,7.599999904632568,7.599999904632568,7.599999904632568,7.599999904632568,7.699999809265137,7.699999809265137,7.699999809265137,7.699999809265137,7.800000190734863,7.699999809265137,7.800000190734863,7.800000190734863,7.900000095367432,8.100000381469727,8.300000190734863,8.399999618530273,8.600000381469727,8.699999809265137,8.800000190734863,8.899999618530273,9.0,9.199999809265137,9.399999618530273,9.399999618530273,9.399999618530273,9.399999618530273,9.399999618530273,9.300000190734863,9.300000190734863,9.300000190734863,9.300000190734863,9.399999618530273,9.399999618530273,9.399999618530273,9.399999618530273,9.399999618530273,9.5,9.5,9.600000381469727,9.699999809265137,9.699999809265137,9.800000190734863,9.800000190734863,9.699999809265137,9.699999809265137
7.599999904632568,7.599999904632568,7.599999904632568,7.599999904632568,7.599999904632568,7.599999904632568,7.599999904632568,7.599999904632568,7.699999809265137,7.699999809265137,7.699999809265137,7.699999809265137,7.699999809265137,7.699999809265137,7.800000190734863,7.900000095367432,8.0,8.199999809265137,8.300000190734863,8.5,8.600000381469727,8.699999809265137,8.800000190734863,8.899999618530273,9.0,9.199999809265137,9.300000190734863,9.399999618530273,9.399999618530273,9.399999618530273,9.399999618530273,9.300000190734863,9.300000190734863,9.300000190734863,9.300000190734863,9.399999618530273,9.399999618530273,9.399999618530273,9.399999618530273,9.5,9.5,9.600000381469727,9.600000381469727,9.699999809265137,9.699999809265137,9.699999809265137,9.699999809265137,9.699999809265137
7.599999904632568,7.599999904632568,7.599999904632568,7.599999904632568,7.599999904632568,7.599999904632568,7.5,7.599999904632568,7.599999904632568,7.599999904632568,7.599999904632568,7.699999809265137,7.699999809265137,7.699999809265137,7.699999809265137,7.800000190734863,7.900000095367432,8.100000381469727,8.199999809265137,8.399999618530273,8.5,8.600000381469727,8.699999809265137,8.800000190734863,8.899999618530273,9.100000381469727,9.199999809265137,9.300000190734863,9.399999618530273,9.399999618530273,9.399999618530273,9.300000190734863,9.300000190734863,9.300000190734863,9.300000190734863,9.300000190734863,9.300000190734863,9.399999618530273,9.399999618530273,9.5,9.5,9.600000381469727,9.600000381469727,9.600000381469727,9.699999809265137,9.699999809265137,9.699999809265137,9.699999809265137
7.5,7.599999904632568,7.599999904632568,7.599999904632568,7.599999904632568,7.5,7.5,7.5,7.5,7.5,7.5,7.5,7.5,7.5,7.599999904632568,7.699999809265137,7.800000190734863,8.0,8.100000381469727,8.300000190734863,8.5,8.600000381469727,8.699999809265137,8.800000190734863,8.899999618530273,9.0,9.100000381469727,9.300000190734863,9.300000190734863,9.399999618530273,9.399999618530273,9.399999618530273,9.300000190734863,9.300000190734863,9.300000190734863,9.300000190734863,9.300000190734863,9.300000190734863,9.399999618530273,9.399999618530273,9.5,9.5,9.600000381469727,9.600000381469727,9.600000381469727,9.699999809265137,9.699999809265137,9.699999809265137
7.5,7.599999904632568,7.599999904632568,7.599999904632568,7.599999904632568,7.599999904632568,7.5,7.5,7.5,7.5,7.400000095367432,7.400000095367432,7.400000095367432,7.400000095367432,7.5,7.599999904632568,7.699999809265137,7.900000095367432,8.100000381469727,8.199999809265137,8.399999618530273,8.5,8.600000381469727,8.699999809265137,8.800000190734863,9.0,9.100000381469727,9.199999809265137,9.300000190734863,9.399999618530273,9.399999618530273,9.399999618530273,9.399999618530273,9.300000190734863,9.300000190734863,9.199999809265137,9.199999809265137,9.300000190734863,9.300000190734863,9.399999618530273,9.5,9.5,9.5,9.600000381469727,9.600000381469727,9.600000381469727,9.699999809265137,9.699999809265137
7.5,7.5,7.599999904632568,7.599999904632568,7.599999904632568,7.599999904632568,7.599999904632568,7.5,7.5,7.400000095367432,7.400000095367432,7.300000190734863,7.300000190734863,7.300000190734863,7.300000190734863,7.400000095367432,7.599999904632568,7.800000190734863,8.0,8.199999809265137,8.300000190734863,8.5,8.600000381469727,8.699999809265137,8.800000190734863,9.0,9.100000381469727,9.199999809265137,9.300000190734863,9.399999618530273,9.399999618530273,9.399999618530273,9.399999618530273,9.399999618530273,9.300000190734863,9.199999809265137,9.199999809265137,9.199999809265137,9.300000190734863,9.300000190734863,9.399999618530273,9.5,9.5,9.5,9.5,9.600000381469727,9.699999809265137,9.699999809265137
