data_weather/step_3.json
{"header": {"nx": 220, "ny": 225, "lo1": 11.000000000000096, "la1": 39.480000000000906, "lo2": 16.475000000000172, "la2": 35.000000000000206, "dx": 0.025000000000000355, "dy": 0.020000000000003126, "refTime": "2026-02-07T03:00:00.000Z", "parameterCategory": 2, "parameterNumber": 2}, "data":
[rows 105 to 125 of 225, columns 48 to 95 of 220]
5.400000095367432,5.699999809265137,5.900000095367432,6.0,6.0,5.900000095367432,5.400000095367432,4.900000095367432,4.5,4.199999809265137,4.199999809265137,4.400000095367432,4.800000190734863,5.0,5.199999809265137,5.099999904632568,5.099999904632568,5.099999904632568,5.099999904632568,5.099999904632568,5.0,4.900000095367432,4.699999809265137,4.599999904632568,4.599999904632568,4.599999904632568,4.599999904632568,4.599999904632568,4.599999904632568,4.699999809265137,4.699999809265137,4.699999809265137,4.699999809265137,4.699999809265137,4.800000190734863,4.900000095367432,4.599999904632568,4.099999904632568,3.5,2.700000047683716,2.299999952316284,1.899999976158142,1.2000000476837158,0.20000000298023224,-0.6000000238418579,-0.6000000238418579,-0.0,1.5
5.400000095367432,5.699999809265137,5.800000190734863,5.900000095367432,5.900000095367432,5.800000190734863,5.5,4.900000095367432,4.5,4.199999809265137,4.199999809265137,4.300000190734863,4.599999904632568,4.900000095367432,5.099999904632568,5.099999904632568,5.099999904632568,5.099999904632568,5.0,5.0,4.900000095367432,4.800000190734863,4.699999809265137,4.699999809265137,4.599999904632568,4.599999904632568,4.599999904632568,4.599999904632568,4.599999904632568,4.699999809265137,4.699999809265137,4.699999809265137,4.599999904632568,4.599999904632568,4.699999809265137,4.900000095367432,5.0,5.0,4.400000095367432,3.700000047683716,3.0999999046325684,2.5999999046325684,2.0,1.2000000476837158,0.20000000298023224,-0.30000001192092896,-0.0,1.399999976158142
5.5,5.599999904632568,5.699999809265137,5.699999809265137,5.699999809265137,5.699999809265137,5.400000095367432,5.0,4.5,4.300000190734863,4.199999809265137,4.300000190734863,4.5,4.800000190734863,5.0,5.099999904632568,5.099999904632568,5.0,5.0,4.900000095367432,4.900000095367432,4.800000190734863,4.699999809265137,4.699999809265137,4.599999904632568,4.599999904632568,4.5,4.5,4.5,4.5,4.599999904632568,4.599999904632568,4.599999904632568,4.5,4.599999904632568,4.800000190734863,5.0,5.0,4.800000190734863,4.400000095367432,3.9000000953674316,3.4000000953674316,2.9000000953674316,2.200000047683716,1.2000000476837158,0.6000000238418579,0.5,0.8999999761581421
5.599999904632568,5.599999904632568,5.5,5.5,5.599999904632568,5.599999904632568,5.400000095367432,5.099999904632568,4.599999904632568,4.300000190734863,4.199999809265137,4.300000190734863,4.5,4.800000190734863,5.0,5.099999904632568,5.099999904632568,4.900000095367432,4.900000095367432,4.900000095367432,4.800000190734863,4.800000190734863,4.800000190734863,4.699999809265137,4.699999809265137,4.599999904632568,4.599999904632568,4.5,4.400000095367432,4.300000190734863,4.400000095367432,4.5,4.599999904632568,4.599999904632568,4.599999904632568,4.699999809265137,4.900000095367432,5.0,4.800000190734863,4.599999904632568,4.300000190734863,4.0,3.700000047683716,3.0999999046325684,2.299999952316284,1.600000023841858,1.2999999523162842,1.2999999523162842
5.599999904632568,5.5,5.300000190734863,5.300000190734863,5.300000190734863,5.5,5.400000095367432,5.099999904632568,4.699999809265137,4.400000095367432,4.300000190734863,4.300000190734863,4.5,4.699999809265137,5.0,5.099999904632568,5.0,4.900000095367432,4.800000190734863,4.800000190734863,4.800000190734863,4.800000190734863,4.800000190734863,4.900000095367432,4.900000095367432,4.800000190734863,4.599999904632568,4.400000095367432,4.199999809265137,4.099999904632568,4.199999809265137,4.400000095367432,4.599999904632568,4.699999809265137,4.699999809265137,4.800000190734863,4.800000190734863,4.800000190734863,4.599999904632568,4.5,4.400000095367432,4.300000190734863,4.199999809265137,3.9000000953674316,3.5,2.9000000953674316,2.200000047683716,1.899999976158142
5.400000095367432,5.199999809265137,5.0,5.0,5.099999904632568,5.300000190734863,5.300000190734863,5.0,4.699999809265137,4.5,4.400000095367432,4.400000095367432,4.5,4.699999809265137,4.900000095367432,5.0,4.900000095367432,4.800000190734863,4.699999809265137,4.699999809265137,4.699999809265137,4.800000190734863,4.900000095367432,5.0,5.0,5.0,4.599999904632568,4.300000190734863,4.099999904632568,4.099999904632568,4.199999809265137,4.400000095367432,4.599999904632568,4.699999809265137,4.800000190734863,4.800000190734863,4.800000190734863,4.599999904632568,4.400000095367432,4.199999809265137,4.300000190734863,4.5,4.599999904632568,4.5,4.300000190734863,3.799999952316284,3.299999952316284,2.9000000953674316
5.199999809265137,5.0,4.800000190734863,4.699999809265137,4.800000190734863,5.0,5.199999809265137,5.0,4.599999904632568,4.400000095367432,4.400000095367432,4.400000095367432,4.5,4.599999904632568,4.800000190734863,4.900000095367432,4.800000190734863,4.699999809265137,4.699999809265137,4.599999904632568,4.599999904632568,4.699999809265137,4.900000095367432,5.0,5.099999904632568,5.0,4.699999809265137,4.300000190734863,4.199999809265137,4.199999809265137,4.400000095367432,4.5,4.599999904632568,4.800000190734863,4.900000095367432,4.900000095367432,4.800000190734863,4.5,4.099999904632568,4.0,4.199999809265137,4.5,4.599999904632568,4.699999809265137,4.699999809265137,4.599999904632568,4.5,4.099999904632568
5.0,4.800000190734863,4.599999904632568,4.5,4.5,4.699999809265137,4.900000095367432,4.800000190734863,4.5,4.300000190734863,4.300000190734863,4.300000190734863,4.400000095367432,4.5,4.599999904632568,4.699999809265137,4.599999904632568,4.599999904632568,4.5,4.5,4.5,4.599999904632568,4.699999809265137,4.900000095367432,5.099999904632568,5.0,4.599999904632568,4.300000190734863,4.300000190734863,4.5,4.599999904632568,4.599999904632568,4.699999809265137,4.900000095367432,5.0,5.0,4.800000190734863,4.5,4.0,3.9000000953674316,4.099999904632568,4.400000095367432,4.599999904632568,4.800000190734863,4.900000095367432,5.0,5.099999904632568,4.900000095367432
4.800000190734863,4.599999904632568,4.5,4.300000190734863,4.300000190734863,4.400000095367432,4.599999904632568,4.5,4.300000190734863,4.199999809265137,4.199999809265137,4.300000190734863,4.400000095367432,4.5,4.5,4.5,4.5,4.5,4.400000095367432,4.400000095367432,4.400000095367432,4.5,4.599999904632568,4.800000190734863,4.900000095367432,4.800000190734863,4.5,4.400000095367432,4.5,4.599999904632568,4.699999809265137,4.800000190734863,4.800000190734863,4.900000095367432,5.0,5.0,4.900000095367432,4.5,4.099999904632568,3.9000000953674316,4.0,4.199999809265137,4.5,4.800000190734863,5.0,5.199999809265137,5.400000095367432,5.5
4.699999809265137,4.5,4.400000095367432,4.300000190734863,4.199999809265137,4.300000190734863,4.300000190734863,4.300000190734863,4.099999904632568,4.099999904632568,4.199999809265137,4.300000190734863,4.5,4.5,4.599999904632568,4.599999904632568,4.5,4.5,4.400000095367432,4.300000190734863,4.300000190734863,4.300000190734863,4.5,4.699999809265137,4.800000190734863,4.599999904632568,4.400000095367432,4.400000095367432,4.599999904632568,4.599999904632568,4.699999809265137,4.699999809265137,4.800000190734863,4.900000095367432,5.0,5.099999904632568,5.0,4.699999809265137,4.400000095367432,4.199999809265137,4.300000190734863,4.300000190734863,4.400000095367432,4.599999904632568,4.900000095367432,5.199999809265137,5.599999904632568,5.800000190734863
4.599999904632568,4.5,4.400000095367432,4.300000190734863,4.300000190734863,4.199999809265137,4.199999809265137,4.099999904632568,4.0,4.0,4.199999809265137,4.400000095367432,4.5,4.599999904632568,4.699999809265137,4.699999809265137,4.699999809265137,4.599999904632568,4.400000095367432,4.300000190734863,4.300000190734863,4.300000190734863,4.5,4.699999809265137,4.699999809265137,4.599999904632568,4.400000095367432,4.5,4.599999904632568,4.699999809265137,4.599999904632568,4.699999809265137,4.800000190734863,4.900000095367432,5.0,5.0,4.900000095367432,4.800000190734863,4.699999809265137,4.699999809265137,4.699999809265137,4.5,4.400000095367432,4.5,4.800000190734863,5.099999904632568,5.5,5.900000095367432
4.5,4.5,4.400000095367432,4.300000190734863,4.300000190734863,4.199999809265137,4.199999809265137,4.099999904632568,4.0,4.0,4.199999809265137,4.400000095367432,4.599999904632568,4.699999809265137,4.800000190734863,4.900000095367432,4.800000190734863,4.599999904632568,4.400000095367432,4.300000190734863,4.300000190734863,4.300000190734863,4.400000095367432,4.599999904632568,4.699999809265137,4.699999809265137,4.599999904632568,4.599999904632568,4.599999904632568,4.599999904632568,4.599999904632568,4.699999809265137,4.800000190734863,4.800000190734863,4.800000190734863,4.900000095367432,4.900000095367432,5.0,5.0,5.099999904632568,5.0,4.800000190734863,4.5,4.400000095367432,4.5,4.900000095367432,5.300000190734863,5.699999809265137
4.5,4.5,4.400000095367432,4.400000095367432,4.300000190734863,4.199999809265137,4.099999904632568,4.0,4.0,4.099999904632568,4.300000190734863,4.5,4.5,4.599999904632568,4.699999809265137,4.800000190734863,4.800000190734863,4.599999904632568,4.5,4.400000095367432,4.400000095367432,4.400000095367432,4.400000095367432,4.599999904632568,4.599999904632568,4.699999809265137,4.699999809265137,4.699999809265137,4.599999904632568,4.5,4.599999904632568,4.800000190734863,4.900000095367432,4.800000190734863,4.800000190734863,4.800000190734863,4.900000095367432,5.099999904632568,5.199999809265137,5.199999809265137,5.199999809265137,5.099999904632568,4.699999809265137,4.5,4.5,4.699999809265137,5.099999904632568,5.599999904632568
4.5,4.5,4.400000095367432,4.400000095367432,4.300000190734863,4.199999809265137,4.099999904632568,4.0,4.0,4.199999809265137,4.400000095367432,4.5,4.5,4.5,4.599999904632568,4.599999904632568,4.599999904632568,4.5,4.400000095367432,4.5,4.400000095367432,4.400000095367432,4.5,4.5,4.599999904632568,4.699999809265137,4.699999809265137,4.699999809265137,4.5,4.5,4.699999809265137,4.900000095367432,4.900000095367432,4.800000190734863,4.800000190734863,4.900000095367432,5.0,5.099999904632568,5.199999809265137,5.199999809265137,5.199999809265137,5.099999904632568,4.900000095367432,4.599999904632568,4.5,4.599999904632568,5.0,5.400000095367432
4.5,4.5,4.5,4.400000095367432,4.300000190734863,4.199999809265137,4.099999904632568,4.0,4.099999904632568,4.300000190734863,4.400000095367432,4.5,4.5,4.5,4.599999904632568,4.599999904632568,4.5,4.400000095367432,4.400000095367432,4.400000095367432,4.400000095367432,4.400000095367432,4.5,4.5,4.599999904632568,4.699999809265137,4.699999809265137,4.599999904632568,4.5,4.5,4.699999809265137,4.900000095367432,4.900000095367432,4.900000095367432,4.800000190734863,4.900000095367432,5.0,5.099999904632568,5.099999904632568,5.099999904632568,5.199999809265137,5.099999904632568,5.0,4.800000190734863,4.599999904632568,4.699999809265137,4.900000095367432,5.400000095367432
4.400000095367432,4.5,4.5,4.400000095367432,4.300000190734863,4.099999904632568,4.099999904632568,4.099999904632568,4.199999809265137,4.300000190734863,4.5,4.400000095367432,4.400000095367432,4.400000095367432,4.599999904632568,4.599999904632568,4.5,4.400000095367432,4.400000095367432,4.400000095367432,4.400000095367432,4.400000095367432,4.5,4.5,4.599999904632568,4.699999809265137,4.699999809265137,4.5,4.400000095367432,4.400000095367432,4.699999809265137,4.800000190734863,4.900000095367432,4.900000095367432,4.900000095367432,5.0,5.0,5.099999904632568,5.099999904632568,5.099999904632568,5.099999904632568,5.099999904632568,5.0,4.800000190734863,4.699999809265137,4.699999809265137,5.0,5.400000095367432
4.300000190734863,4.400000095367432,4.400000095367432,4.300000190734863,4.199999809265137,4.099999904632568,4.0,4.099999904632568,4.199999809265137,4.300000190734863,4.300000190734863,4.300000190734863,4.199999809265137,4.400000095367432,4.599999904632568,4.699999809265137,4.5,4.400000095367432,4.400000095367432,4.400000095367432,4.400000095367432,4.400000095367432,4.5,4.5,4.599999904632568,4.599999904632568,4.599999904632568,4.5,4.400000095367432,4.400000095367432,4.599999904632568,4.800000190734863,4.900000095367432,4.900000095367432,5.0,5.0,5.099999904632568,5.099999904632568,5.099999904632568,5.0,5.0,5.0,4.900000095367432,4.699999809265137,4.699999809265137,4.800000190734863,5.199999809265137,5.5
4.199999809265137,4.300000190734863,4.300000190734863,4.199999809265137,4.099999904632568,4.0,4.099999904632568,4.099999904632568,4.199999809265137,4.199999809265137,4.199999809265137,4.199999809265137,4.199999809265137,4.300000190734863,4.5,4.5,4.5,4.5,4.5,4.400000095367432,4.400000095367432,4.400000095367432,4.5,4.5,4.5,4.5,4.400000095367432,4.300000190734863,4.300000190734863,4.400000095367432,4.599999904632568,4.800000190734863,4.900000095367432,5.0,5.0,5.0,5.099999904632568,5.099999904632568,5.099999904632568,5.0,5.0,5.0,4.900000095367432,4.800000190734863,4.699999809265137,5.0,5.300000190734863,5.5
4.099999904632568,4.199999809265137,4.199999809265137,4.099999904632568,4.0,4.0,4.099999904632568,4.199999809265137,4.199999809265137,4.199999809265137,4.099999904632568,4.099999904632568,4.099999904632568,4.199999809265137,4.300000190734863,4.400000095367432,4.400000095367432,4.400000095367432,4.5,4.5,4.400000095367432,4.400000095367432,4.5,4.5,4.5,4.400000095367432,4.400000095367432,4.300000190734863,4.300000190734863,4.400000095367432,4.599999904632568,4.800000190734863,5.0,5.099999904632568,5.099999904632568,5.0,5.0,5.099999904632568,5.099999904632568,5.0,5.0,5.0,4.900000095367432,4.800000190734863,4.900000095367432,5.199999809265137,5.400000095367432,5.5
4.0,4.099999904632568,4.099999904632568,4.0,3.9000000953674316,4.0,4.099999904632568,4.199999809265137,4.099999904632568,4.099999904632568,4.099999904632568,4.099999904632568,4.099999904632568,4.099999904632568,4.199999809265137,4.199999809265137,4.199999809265137,4.300000190734863,4.5,4.5,4.5,4.400000095367432,4.400000095367432,4.400000095367432,4.5,4.400000095367432,4.300000190734863,4.300000190734863,4.300000190734863,4.400000095367432,4.5,4.699999809265137,5.0,5.099999904632568,5.099999904632568,5.0,5.0,5.099999904632568,5.099999904632568,5.099999904632568,5.0,5.0,5.0,5.0,5.099999904632568,5.300000190734863,5.5,5.5
3.9000000953674316,4.0,4.0,3.9000000953674316,3.799999952316284,3.9000000953674316,4.099999904632568,4.099999904632568,4.099999904632568,4.099999904632568,4.099999904632568,4.099999904632568,4.099999904632568,4.099999904632568,4.099999904632568,4.0,4.099999904632568,4.300000190734863,4.400000095367432,4.5,4.5,4.400000095367432,4.300000190734863,4.400000095367432,4.400000095367432,4.300000190734863,4.300000190734863,4.300000190734863,4.400000095367432,4.400000095367432,4.5,4.699999809265137,4.900000095367432,5.099999904632568,5.099999904632568,5.0,5.0,5.099999904632568,5.099999904632568,5.099999904632568,5.099999904632568,5.099999904632568,5.099999904632568,5.099999904632568,5.199999809265137,5.400000095367432,5.400000095367432,5.400000095367432
