data_weather/step_3.json
{"header": {"nx": 220, "ny": 225, "lo1": 11.000000000000096, "la1": 39.480000000000906, "lo2": 16.475000000000172, "la2": 35.000000000000206, "dx": 0.025000000000000355, "dy": 0.020000000000003126, "refTime": "2026-02-04T15:00:00.000Z", "parameterCategory": 2, "parameterNumber": 2}, "data":
[rows 168 to 188 of 225, columns 96 to 143 of 220]
8.0,8.100000381469727,8.100000381469727,8.100000381469727,8.199999809265137,8.199999809265137,8.300000190734863,8.399999618530273,8.399999618530273,8.5,8.5,8.600000381469727,8.699999809265137,8.800000190734863,8.899999618530273,9.100000381469727,9.199999809265137,9.300000190734863,9.399999618530273,9.5,9.699999809265137,9.800000190734863,9.800000190734863,9.899999618530273,10.0,10.0,10.100000381469727,10.199999809265137,10.300000190734863,10.399999618530273,10.399999618530273,10.5,10.600000381469727,10.800000190734863,10.800000190734863,10.699999809265137,10.5,10.5,10.600000381469727,10.800000190734863,11.0,11.100000381469727,11.100000381469727,11.0,11.0,11.0,11.0,11.100000381469727
8.0,8.100000381469727,8.100000381469727,8.100000381469727,8.199999809265137,8.300000190734863,8.300000190734863,8.399999618530273,8.399999618530273,8.5,8.5,8.600000381469727,8.699999809265137,8.800000190734863,8.899999618530273,9.0,9.100000381469727,9.199999809265137,9.300000190734863,9.399999618530273,9.600000381469727,9.600000381469727,9.699999809265137,9.800000190734863,9.899999618530273,9.899999618530273,10.100000381469727,10.199999809265137,10.199999809265137,10.300000190734863,10.399999618530273,10.5,10.800000190734863,10.600000381469727,10.300000190734863,10.199999809265137,10.100000381469727,10.100000381469727,10.199999809265137,10.399999618530273,10.699999809265137,10.800000190734863,10.800000190734863,10.699999809265137,10.600000381469727,10.600000381469727,10.699999809265137,10.899999618530273
8.0,8.0,8.100000381469727,8.199999809265137,8.199999809265137,8.300000190734863,8.399999618530273,8.399999618530273,8.5,8.5,8.5,8.600000381469727,8.699999809265137,8.800000190734863,8.899999618530273,9.0,9.100000381469727,9.199999809265137,9.300000190734863,9.399999618530273,9.5,9.5,9.600000381469727,9.699999809265137,9.800000190734863,9.800000190734863,9.899999618530273,10.100000381469727,10.199999809265137,10.199999809265137,10.399999618530273,9.800000190734863,9.399999618530273,8.899999618530273,8.699999809265137,9.100000381469727,9.199999809265137,9.300000190734863,9.600000381469727,9.899999618530273,10.300000190734863,10.600000381469727,10.699999809265137,10.600000381469727,10.5,10.5,10.600000381469727,10.800000190734863
8.0,8.0,8.100000381469727,8.199999809265137,8.300000190734863,8.300000190734863,8.399999618530273,8.399999618530273,8.5,8.5,8.600000381469727,8.600000381469727,8.699999809265137,8.800000190734863,8.899999618530273,9.0,9.0,9.100000381469727,9.199999809265137,9.300000190734863,9.399999618530273,9.399999618530273,9.5,9.600000381469727,9.600000381469727,9.699999809265137,9.800000190734863,10.0,10.100000381469727,10.100000381469727,10.199999809265137,9.399999618530273,7.900000095367432,6.900000095367432,6.599999904632568,6.800000190734863,7.599999904632568,8.0,8.899999618530273,9.699999809265137,10.300000190734863,10.699999809265137,10.800000190734863,10.699999809265137,10.600000381469727,10.600000381469727,10.699999809265137,11.0
8.0,8.0,8.100000381469727,8.199999809265137,8.300000190734863,8.300000190734863,8.399999618530273,8.5,8.5,8.5,8.600000381469727,8.600000381469727,8.699999809265137,8.800000190734863,8.899999618530273,9.0,9.100000381469727,9.100000381469727,9.199999809265137,9.199999809265137,9.300000190734863,9.300000190734863,9.399999618530273,9.5,9.600000381469727,9.600000381469727,9.699999809265137,9.899999618530273,10.0,10.0,10.300000190734863,9.899999618530273,8.600000381469727,6.800000190734863,6.5,6.5,6.900000095367432,7.599999904632568,8.899999618530273,9.899999618530273,10.600000381469727,11.0,11.100000381469727,11.0,10.800000190734863,10.800000190734863,10.899999618530273,11.100000381469727
8.0,8.100000381469727,8.100000381469727,8.199999809265137,8.300000190734863,8.399999618530273,8.399999618530273,8.5,8.5,8.5,8.600000381469727,8.600000381469727,8.699999809265137,8.800000190734863,8.899999618530273,9.0,9.100000381469727,9.100000381469727,9.100000381469727,9.199999809265137,9.199999809265137,9.199999809265137,9.300000190734863,9.399999618530273,9.5,9.600000381469727,9.699999809265137,9.800000190734863,9.899999618530273,9.899999618530273,10.0,10.100000381469727,9.699999809265137,8.899999618530273,8.199999809265137,7.900000095367432,8.399999618530273,8.800000190734863,9.600000381469727,10.600000381469727,11.100000381469727,11.399999618530273,11.399999618530273,11.300000190734863,11.0,10.899999618530273,10.899999618530273,11.100000381469727
8.0,8.100000381469727,8.100000381469727,8.199999809265137,8.300000190734863,8.399999618530273,8.399999618530273,8.5,8.5,8.5,8.5,8.600000381469727,8.699999809265137,8.800000190734863,8.899999618530273,9.0,9.100000381469727,9.100000381469727,9.199999809265137,9.199999809265137,9.199999809265137,9.199999809265137,9.199999809265137,9.300000190734863,9.399999618530273,9.5,9.600000381469727,9.699999809265137,9.800000190734863,9.899999618530273,9.899999618530273,10.0,10.199999809265137,10.199999809265137,10.399999618530273,10.800000190734863,11.0,10.699999809265137,10.0,10.5,11.199999809265137,11.600000381469727,11.5,11.199999809265137,11.0,10.800000190734863,10.800000190734863,10.899999618530273
8.100000381469727,8.100000381469727,8.199999809265137,8.199999809265137,8.300000190734863,8.399999618530273,8.399999618530273,8.5,8.5,8.5,8.5,8.5,8.600000381469727,8.699999809265137,8.899999618530273,9.0,9.100000381469727,9.100000381469727,9.199999809265137,9.199999809265137,9.199999809265137,9.199999809265137,9.199999809265137,9.199999809265137,9.300000190734863,9.5,9.600000381469727,9.600000381469727,9.699999809265137,9.800000190734863,9.800000190734863,9.899999618530273,10.0,10.199999809265137,10.300000190734863,10.5,10.699999809265137,10.199999809265137,9.100000381469727,9.600000381469727,10.699999809265137,11.100000381469727,10.899999618530273,10.699999809265137,10.600000381469727,10.5,10.5,10.699999809265137
8.100000381469727,8.100000381469727,8.199999809265137,8.300000190734863,8.300000190734863,8.399999618530273,8.399999618530273,8.5,8.5,8.5,8.5,8.5,8.600000381469727,8.699999809265137,8.800000190734863,8.899999618530273,9.100000381469727,9.100000381469727,9.199999809265137,9.199999809265137,9.199999809265137,9.199999809265137,9.199999809265137,9.199999809265137,9.300000190734863,9.399999618530273,9.5,9.600000381469727,9.699999809265137,9.699999809265137,9.800000190734863,9.800000190734863,9.899999618530273,10.0,10.100000381469727,10.100000381469727,10.399999618530273,9.600000381469727,8.0,8.100000381469727,9.300000190734863,8.800000190734863,9.0,9.600000381469727,10.0,10.0,10.300000190734863,10.5
8.100000381469727,8.199999809265137,8.199999809265137,8.300000190734863,8.399999618530273,8.399999618530273,8.5,8.5,8.5,8.5,8.399999618530273,8.5,8.5,8.600000381469727,8.699999809265137,8.899999618530273,9.0,9.100000381469727,9.199999809265137,9.199999809265137,9.300000190734863,9.300000190734863,9.300000190734863,9.300000190734863,9.399999618530273,9.5,9.600000381469727,9.600000381469727,9.600000381469727,9.699999809265137,9.699999809265137,9.800000190734863,9.899999618530273,9.899999618530273,9.899999618530273,10.0,10.199999809265137,9.5,8.5,8.100000381469727,8.199999809265137,7.599999904632568,7.800000190734863,8.0,8.5,9.300000190734863,10.0,10.300000190734863
8.100000381469727,8.100000381469727,8.199999809265137,8.300000190734863,8.399999618530273,8.399999618530273,8.5,8.5,8.5,8.5,8.5,8.5,8.5,8.600000381469727,8.699999809265137,8.800000190734863,8.899999618530273,9.0,9.100000381469727,9.199999809265137,9.300000190734863,9.300000190734863,9.300000190734863,9.300000190734863,9.399999618530273,9.5,9.600000381469727,9.600000381469727,9.699999809265137,9.699999809265137,9.699999809265137,9.800000190734863,9.800000190734863,9.800000190734863,9.899999618530273,9.899999618530273,9.699999809265137,9.0,7.900000095367432,8.199999809265137,7.900000095367432,6.599999904632568,6.300000190734863,5.900000095367432,6.599999904632568,8.300000190734863,9.5,10.199999809265137
8.0,8.100000381469727,8.199999809265137,8.300000190734863,8.399999618530273,8.5,8.5,8.600000381469727,8.600000381469727,8.600000381469727,8.5,8.5,8.5,8.600000381469727,8.699999809265137,8.800000190734863,8.899999618530273,9.0,9.100000381469727,9.199999809265137,9.199999809265137,9.300000190734863,9.300000190734863,9.399999618530273,9.5,9.600000381469727,9.600000381469727,9.699999809265137,9.699999809265137,9.699999809265137,9.699999809265137,9.800000190734863,9.800000190734863,9.800000190734863,9.699999809265137,9.800000190734863,9.600000381469727,8.899999618530273,8.0,8.100000381469727,7.400000095367432,6.5,5.900000095367432,5.400000095367432,5.599999904632568,6.699999809265137,8.100000381469727,9.399999618530273
7.900000095367432,8.100000381469727,8.199999809265137,8.300000190734863,8.399999618530273,8.5,8.5,8.600000381469727,8.600000381469727,8.600000381469727,8.600000381469727,8.600000381469727,8.600000381469727,8.699999809265137,8.699999809265137,8.800000190734863,8.899999618530273,9.0,9.0,9.100000381469727,9.199999809265137,9.199999809265137,9.300000190734863,9.399999618530273,9.399999618530273,9.5,9.600000381469727,9.699999809265137,9.699999809265137,9.699999809265137,9.800000190734863,9.800000190734863,9.800000190734863,9.800000190734863,9.699999809265137,9.699999809265137,9.600000381469727,9.100000381469727,8.199999809265137,7.800000190734863,7.599999904632568,7.199999809265137,6.300000190734863,5.5,5.5,5.900000095367432,7.0,8.600000381469727
7.900000095367432,8.0,8.100000381469727,8.199999809265137,8.300000190734863,8.399999618530273,8.5,8.600000381469727,8.699999809265137,8.699999809265137,8.699999809265137,8.699999809265137,8.699999809265137,8.699999809265137,8.800000190734863,8.800000190734863,8.899999618530273,9.0,9.0,9.100000381469727,9.199999809265137,9.199999809265137,9.300000190734863,9.300000190734863,9.399999618530273,9.5,9.600000381469727,9.600000381469727,9.699999809265137,9.699999809265137,9.699999809265137,9.800000190734863,9.800000190734863,9.699999809265137,9.699999809265137,9.600000381469727,9.699999809265137,9.5,8.800000190734863,8.399999618530273,8.199999809265137,7.900000095367432,6.800000190734863,6.0,5.599999904632568,5.900000095367432,6.5,7.900000095367432
7.800000190734863,7.900000095367432,8.100000381469727,8.199999809265137,8.300000190734863,8.399999618530273,8.5,8.600000381469727,8.699999809265137,8.699999809265137,8.699999809265137,8.800000190734863,8.800000190734863,8.800000190734863,8.800000190734863,8.899999618530273,8.899999618530273,9.0,9.0,9.100000381469727,9.100000381469727,9.199999809265137,9.199999809265137,9.199999809265137,9.300000190734863,9.399999618530273,9.5,9.5,9.600000381469727,9.600000381469727,9.699999809265137,9.699999809265137,9.699999809265137,9.699999809265137,9.699999809265137,9.600000381469727,9.699999809265137,9.699999809265137,9.5,9.100000381469727,9.399999618530273,8.800000190734863,7.199999809265137,6.5,6.400000095367432,6.400000095367432,7.0,8.399999618530273
7.699999809265137,7.900000095367432,8.0,8.100000381469727,8.199999809265137,8.300000190734863,8.5,8.5,8.600000381469727,8.699999809265137,8.699999809265137,8.800000190734863,8.800000190734863,8.800000190734863,8.800000190734863,8.899999618530273,8.899999618530273,9.0,9.0,9.100000381469727,9.100000381469727,9.199999809265137,9.199999809265137,9.199999809265137,9.199999809265137,9.300000190734863,9.399999618530273,9.399999618530273,9.5,9.5,9.600000381469727,9.600000381469727,9.600000381469727,9.600000381469727,9.600000381469727,9.600000381469727,9.699999809265137,9.699999809265137,10.0,10.199999809265137,10.300000190734863,9.899999618530273,9.5,8.699999809265137,7.699999809265137,6.699999809265137,7.900000095367432,9.5
7.699999809265137,7.800000190734863,7.900000095367432,8.0,8.199999809265137,8.300000190734863,8.399999618530273,8.5,8.600000381469727,8.600000381469727,8.699999809265137,8.699999809265137,8.800000190734863,8.800000190734863,8.800000190734863,8.899999618530273,8.899999618530273,8.899999618530273,9.0,9.0,9.100000381469727,9.100000381469727,9.199999809265137,9.199999809265137,9.199999809265137,9.300000190734863,9.300000190734863,9.399999618530273,9.399999618530273,9.399999618530273,9.5,9.5,9.5,9.5,9.600000381469727,9.600000381469727,9.699999809265137,9.800000190734863,9.899999618530273,10.0,10.199999809265137,10.300000190734863,10.399999618530273,10.199999809265137,9.300000190734863,8.5,9.699999809265137,10.399999618530273
7.699999809265137,7.800000190734863,7.900000095367432,8.0,8.100000381469727,8.199999809265137,8.300000190734863,8.399999618530273,8.5,8.600000381469727,8.600000381469727,8.699999809265137,8.699999809265137,8.800000190734863,8.800000190734863,8.800000190734863,8.800000190734863,8.899999618530273,8.899999618530273,9.0,9.100000381469727,9.199999809265137,9.199999809265137,9.199999809265137,9.199999809265137,9.300000190734863,9.300000190734863,9.300000190734863,9.399999618530273,9.399999618530273,9.399999618530273,9.399999618530273,9.399999618530273,9.5,9.5,9.600000381469727,9.600000381469727,9.800000190734863,9.899999618530273,10.0,10.100000381469727,10.300000190734863,10.5,10.699999809265137,10.899999618530273,10.699999809265137,10.600000381469727,10.699999809265137
7.699999809265137,7.800000190734863,7.800000190734863,7.900000095367432,8.0,8.100000381469727,8.199999809265137,8.300000190734863,8.399999618530273,8.5,8.600000381469727,8.600000381469727,8.699999809265137,8.699999809265137,8.800000190734863,8.800000190734863,8.800000190734863,8.899999618530273,8.899999618530273,9.0,9.100000381469727,9.199999809265137,9.199999809265137,9.199999809265137,9.199999809265137,9.300000190734863,9.300000190734863,9.300000190734863,9.300000190734863,9.300000190734863,9.300000190734863,9.300000190734863,9.300000190734863,9.399999618530273,9.399999618530273,9.5,9.600000381469727,9.699999809265137,9.899999618530273,10.0,10.100000381469727,10.199999809265137,10.199999809265137,10.399999618530273,10.5,10.600000381469727,10.5,10.600000381469727
7.800000190734863,7.800000190734863,7.900000095367432,7.900000095367432,8.0,8.100000381469727,8.199999809265137,8.300000190734863,8.399999618530273,8.399999618530273,8.5,8.600000381469727,8.600000381469727,8.699999809265137,8.699999809265137,8.699999809265137,8.800000190734863,8.800000190734863,8.899999618530273,9.0,9.100000381469727,9.199999809265137,9.199999809265137,9.199999809265137,9.300000190734863,9.300000190734863,9.300000190734863,9.300000190734863,9.300000190734863,9.300000190734863,9.300000190734863,9.199999809265137,9.199999809265137,9.300000190734863,9.399999618530273,9.5,9.600000381469727,9.699999809265137,9.899999618530273,9.899999618530273,10.0,10.100000381469727,10.199999809265137,10.300000190734863,10.300000190734863,10.399999618530273,10.399999618530273,10.5
7.800000190734863,7.900000095367432,7.900000095367432,8.0,8.0,8.100000381469727,8.100000381469727,8.199999809265137,8.300000190734863,8.399999618530273,8.5,8.5,8.600000381469727,8.699999809265137,8.699999809265137,8.699999809265137,8.800000190734863,8.800000190734863,8.800000190734863,8.899999618530273,9.0,9.199999809265137,9.199999809265137,9.300000190734863,9.300000190734863,9.300000190734863,9.300000190734863,9.300000190734863,9.300000190734863,9.300000190734863,9.199999809265137,9.199999809265137,9.199999809265137,9.199999809265137,9.300000190734863,9.399999618530273,9.600000381469727,9.800000190734863,9.899999618530273,9.899999618530273,9.899999618530273,10.0,10.0,10.100000381469727,10.199999809265137,10.300000190734863,10.399999618530273,10.5
