data_weather/step_3.json
{"header": {"nx": 220, "ny": 225, "lo1": 11.000000000000096, "la1": 39.480000000000906, "lo2": 16.475000000000172, "la2": 35.000000000000206, "dx": 0.025000000000000355, "dy": 0.020000000000003126, "refTime": "2026-02-07T03:00:00.000Z", "parameterCategory": 2, "parameterNumber": 3}, "data":
[rows 126 to 146 of 225, columns 141 to 187 of 220]
-1.100000023841858,-0.5,0.4000000059604645,1.0,1.2999999523162842,0.5,-1.2999999523162842,-2.5999999046325684,-3.200000047683716,-2.0999999046325684,-1.600000023841858,-1.2999999523162842,-1.399999976158142,-2.0999999046325684,-3.4000000953674316,-4.599999904632568,-5.0,-4.400000095367432,-3.0999999046325684,-2.5,-2.4000000953674316,-3.0,-3.200000047683716,-3.0999999046325684,-3.5999999046325684,-4.400000095367432,-3.5,-1.600000023841858,0.5,2.0,1.7999999523162842,1.399999976158142,1.2999999523162842,1.2999999523162842,1.2999999523162842,1.2000000476837158,0.8999999761581421,0.699999988079071,0.699999988079071,0.800000011920929,1.2000000476837158,1.600000023841858,1.899999976158142,2.0,2.0,2.0,1.899999976158142
-1.100000023841858,-0.20000000298023224,0.10000000149011612,0.800000011920929,-0.6000000238418579,-1.899999976158142,-2.799999952316284,-2.700000047683716,-3.0999999046325684,-3.0999999046325684,-1.600000023841858,-1.7999999523162842,-2.200000047683716,-2.5999999046325684,-3.299999952316284,-3.700000047683716,-3.9000000953674316,-4.0,-3.200000047683716,-3.0,-2.9000000953674316,-3.5,-5.199999809265137,-6.199999809265137,-6.099999904632568,-4.5,-1.7999999523162842,1.2999999523162842,3.5,3.5,2.799999952316284,2.4000000953674316,2.200000047683716,2.0,2.0,1.600000023841858,1.399999976158142,1.2000000476837158,1.2000000476837158,1.5,1.7000000476837158,1.899999976158142,2.0,2.0999999046325684,2.0,1.899999976158142,1.899999976158142
-1.0,-0.4000000059604645,-0.8999999761581421,-1.7999999523162842,-3.299999952316284,-3.5999999046325684,-3.5999999046325684,-3.4000000953674316,-2.9000000953674316,-2.5,-2.700000047683716,-2.700000047683716,-2.9000000953674316,-3.0999999046325684,-3.5999999046325684,-3.5,-3.299999952316284,-3.5,-4.0,-4.099999904632568,-3.799999952316284,-4.199999809265137,-4.699999809265137,-5.099999904632568,-3.0999999046325684,0.0,2.5999999046325684,4.5,4.400000095367432,3.700000047683716,2.9000000953674316,2.5999999046325684,2.5999999046325684,2.700000047683716,2.5,2.299999952316284,2.0,1.899999976158142,1.899999976158142,2.0,2.0,2.0,2.0,2.0,1.899999976158142,2.0,2.0
-1.399999976158142,-2.0999999046325684,-2.4000000953674316,-3.700000047683716,-3.9000000953674316,-4.0,-3.799999952316284,-3.4000000953674316,-3.700000047683716,-3.200000047683716,-3.5,-3.5,-3.700000047683716,-3.799999952316284,-3.700000047683716,-3.5999999046325684,-3.0999999046325684,-4.599999904632568,-5.0,-5.0,-4.400000095367432,-3.700000047683716,-3.5,-1.600000023841858,1.399999976158142,4.0,5.5,5.5,4.099999904632568,3.0999999046325684,2.700000047683716,2.700000047683716,3.0,3.0,2.9000000953674316,2.5999999046325684,2.4000000953674316,2.299999952316284,2.200000047683716,2.200000047683716,2.0999999046325684,2.0,1.899999976158142,1.899999976158142,1.899999976158142,2.0,2.0
-2.0999999046325684,-3.299999952316284,-3.5999999046325684,-3.799999952316284,-3.9000000953674316,-4.199999809265137,-4.800000190734863,-4.800000190734863,-4.5,-4.0,-3.4000000953674316,-3.299999952316284,-3.799999952316284,-3.799999952316284,-3.5999999046325684,-3.5,-2.799999952316284,-3.9000000953674316,-4.099999904632568,-4.5,-4.099999904632568,-2.700000047683716,-1.2999999523162842,1.399999976158142,3.0999999046325684,4.900000095367432,5.300000190734863,4.5,3.5999999046325684,3.0,2.799999952316284,2.9000000953674316,3.0999999046325684,3.0999999046325684,3.0,2.799999952316284,2.5,2.4000000953674316,2.299999952316284,2.200000047683716,2.0999999046325684,2.0,1.899999976158142,1.899999976158142,1.899999976158142,1.899999976158142,2.0
-3.0,-3.5,-3.9000000953674316,-4.099999904632568,-5.199999809265137,-5.800000190734863,-6.099999904632568,-5.400000095367432,-3.9000000953674316,-2.700000047683716,-2.200000047683716,-2.9000000953674316,-3.0,-3.299999952316284,-3.200000047683716,-3.200000047683716,-2.5999999046325684,-2.5,-2.700000047683716,-2.9000000953674316,-2.5999999046325684,-1.600000023841858,0.6000000238418579,2.200000047683716,3.4000000953674316,4.400000095367432,4.099999904632568,3.799999952316284,3.4000000953674316,3.0999999046325684,2.9000000953674316,2.9000000953674316,3.0,3.0,2.9000000953674316,2.700000047683716,2.5,2.299999952316284,2.200000047683716,2.200000047683716,2.0999999046325684,2.0,2.0,1.899999976158142,1.7999999523162842,1.7999999523162842,1.7999999523162842
-3.0999999046325684,-3.9000000953674316,-4.199999809265137,-4.699999809265137,-5.599999904632568,-5.699999809265137,-5.199999809265137,-3.5999999046325684,-2.700000047683716,-1.7000000476837158,-1.7000000476837158,-2.299999952316284,-2.4000000953674316,-2.799999952316284,-2.9000000953674316,-2.5999999046325684,-2.4000000953674316,-1.5,-1.5,-1.0,-0.30000001192092896,0.4000000059604645,1.7000000476837158,2.299999952316284,3.0999999046325684,3.200000047683716,3.200000047683716,3.200000047683716,3.200000047683716,3.0,2.9000000953674316,2.799999952316284,2.700000047683716,2.700000047683716,2.700000047683716,2.5,2.4000000953674316,2.200000047683716,2.200000047683716,2.0999999046325684,2.0999999046325684,2.0,1.899999976158142,1.7999999523162842,1.7000000476837158,1.600000023841858,1.600000023841858
-2.9000000953674316,-3.9000000953674316,-4.300000190734863,-5.099999904632568,-4.599999904632568,-3.700000047683716,-2.4000000953674316,-1.600000023841858,-1.2999999523162842,-1.600000023841858,-2.0999999046325684,-2.5,-2.799999952316284,-2.700000047683716,-2.799999952316284,-2.5,-1.899999976158142,-0.8999999761581421,0.10000000149011612,0.6000000238418579,0.800000011920929,1.100000023841858,1.600000023841858,1.7999999523162842,2.299999952316284,2.200000047683716,2.299999952316284,2.4000000953674316,2.5999999046325684,2.700000047683716,2.5999999046325684,2.5999999046325684,2.5,2.4000000953674316,2.4000000953674316,2.299999952316284,2.200000047683716,2.0999999046325684,2.0999999046325684,2.0,1.899999976158142,1.899999976158142,1.7999999523162842,1.7000000476837158,1.600000023841858,1.5,1.399999976158142
-2.799999952316284,-3.5,-4.0,-3.700000047683716,-2.9000000953674316,-2.299999952316284,-1.7999999523162842,-1.7000000476837158,-1.600000023841858,-2.0,-2.5999999046325684,-3.0,-3.0999999046325684,-2.9000000953674316,-2.5,-2.0,-1.2000000476837158,0.0,0.699999988079071,0.5,0.5,0.6000000238418579,0.800000011920929,1.2999999523162842,1.5,1.5,1.600000023841858,1.7999999523162842,2.0999999046325684,2.299999952316284,2.4000000953674316,2.4000000953674316,2.299999952316284,2.200000047683716,2.200000047683716,2.0999999046325684,2.0999999046325684,2.0,1.899999976158142,1.899999976158142,1.7999999523162842,1.7000000476837158,1.600000023841858,1.5,1.399999976158142,1.2999999523162842,1.2999999523162842
-3.299999952316284,-3.200000047683716,-3.200000047683716,-2.5999999046325684,-2.5999999046325684,-2.4000000953674316,-2.299999952316284,-1.7000000476837158,-2.0999999046325684,-2.5,-3.0999999046325684,-3.0999999046325684,-3.0999999046325684,-2.5999999046325684,-2.0,-1.100000023841858,0.30000001192092896,0.8999999761581421,0.8999999761581421,0.4000000059604645,0.30000001192092896,0.4000000059604645,0.8999999761581421,1.2999999523162842,1.2000000476837158,1.2000000476837158,1.2000000476837158,1.399999976158142,1.7000000476837158,1.899999976158142,2.0999999046325684,2.0999999046325684,2.0,1.899999976158142,1.899999976158142,1.899999976158142,1.899999976158142,1.899999976158142,1.7999999523162842,1.7000000476837158,1.600000023841858,1.600000023841858,1.5,1.399999976158142,1.399999976158142,1.2999999523162842,1.2000000476837158
-4.199999809265137,-3.799999952316284,-3.5999999046325684,-3.0,-2.9000000953674316,-2.4000000953674316,-2.0999999046325684,-2.4000000953674316,-2.799999952316284,-3.0999999046325684,-3.200000047683716,-2.799999952316284,-2.4000000953674316,-1.7000000476837158,-1.0,0.30000001192092896,1.0,1.100000023841858,0.8999999761581421,0.6000000238418579,0.699999988079071,1.0,1.2000000476837158,1.100000023841858,0.8999999761581421,0.800000011920929,0.8999999761581421,1.100000023841858,1.399999976158142,1.5,1.600000023841858,1.7000000476837158,1.7000000476837158,1.7000000476837158,1.600000023841858,1.7000000476837158,1.7000000476837158,1.7000000476837158,1.600000023841858,1.5,1.5,1.399999976158142,1.399999976158142,1.2999999523162842,1.2999999523162842,1.2000000476837158,1.100000023841858
-4.5,-4.199999809265137,-4.099999904632568,-3.799999952316284,-3.4000000953674316,-3.0999999046325684,-2.700000047683716,-3.0999999046325684,-3.0999999046325684,-2.9000000953674316,-2.4000000953674316,-1.899999976158142,-1.2000000476837158,-0.699999988079071,0.10000000149011612,0.800000011920929,1.100000023841858,0.800000011920929,0.5,0.5,0.6000000238418579,1.0,1.100000023841858,0.800000011920929,0.6000000238418579,0.4000000059604645,0.4000000059604645,0.6000000238418579,0.8999999761581421,1.0,1.2000000476837158,1.2999999523162842,1.2999999523162842,1.399999976158142,1.399999976158142,1.399999976158142,1.399999976158142,1.399999976158142,1.399999976158142,1.2999999523162842,1.2999999523162842,1.2999999523162842,1.2000000476837158,1.2000000476837158,1.2000000476837158,1.100000023841858,1.0
-4.400000095367432,-4.400000095367432,-4.300000190734863,-4.199999809265137,-4.099999904632568,-4.0,-3.299999952316284,-3.200000047683716,-3.0,-2.5999999046325684,-1.7999999523162842,-1.2999999523162842,-0.800000011920929,-0.4000000059604645,-0.30000001192092896,0.0,0.10000000149011612,0.10000000149011612,0.10000000149011612,0.20000000298023224,0.30000001192092896,0.6000000238418579,0.5,0.5,0.5,0.20000000298023224,0.10000000149011612,0.20000000298023224,0.4000000059604645,0.5,0.699999988079071,0.800000011920929,0.8999999761581421,1.0,1.100000023841858,1.2000000476837158,1.2000000476837158,1.2000000476837158,1.2000000476837158,1.100000023841858,1.100000023841858,1.100000023841858,1.100000023841858,1.100000023841858,1.100000023841858,1.0,0.8999999761581421
-4.099999904632568,-4.199999809265137,-4.199999809265137,-4.199999809265137,-4.199999809265137,-4.099999904632568,-3.9000000953674316,-3.5999999046325684,-3.200000047683716,-2.700000047683716,-2.200000047683716,-1.7999999523162842,-1.5,-1.2999999523162842,-1.2000000476837158,-1.0,-0.8999999761581421,-0.699999988079071,-0.4000000059604645,-0.5,-0.20000000298023224,-0.0,0.0,0.20000000298023224,0.10000000149011612,0.0,-0.10000000149011612,-0.10000000149011612,-0.10000000149011612,0.10000000149011612,0.20000000298023224,0.30000001192092896,0.5,0.6000000238418579,0.800000011920929,0.8999999761581421,0.8999999761581421,1.0,0.8999999761581421,0.8999999761581421,0.8999999761581421,0.8999999761581421,0.8999999761581421,0.8999999761581421,0.8999999761581421,0.8999999761581421,0.800000011920929
-3.799999952316284,-4.0,-4.099999904632568,-4.099999904632568,-4.199999809265137,-4.099999904632568,-4.0,-3.9000000953674316,-3.5999999046325684,-3.4000000953674316,-3.0,-2.700000047683716,-2.4000000953674316,-2.200000047683716,-1.899999976158142,-1.7999999523162842,-1.600000023841858,-1.399999976158142,-1.0,-0.8999999761581421,-0.800000011920929,-0.699999988079071,-0.4000000059604645,-0.20000000298023224,-0.30000001192092896,-0.10000000149011612,-0.30000001192092896,-0.30000001192092896,-0.30000001192092896,-0.30000001192092896,-0.20000000298023224,-0.0,0.10000000149011612,0.20000000298023224,0.4000000059604645,0.5,0.6000000238418579,0.699999988079071,0.699999988079071,0.699999988079071,0.6000000238418579,0.6000000238418579,0.6000000238418579,0.699999988079071,0.699999988079071,0.699999988079071,0.699999988079071
-3.700000047683716,-3.700000047683716,-3.9000000953674316,-4.0,-4.0,-4.0,-4.0,-3.9000000953674316,-3.700000047683716,-3.5,-3.299999952316284,-3.0999999046325684,-2.799999952316284,-2.5999999046325684,-2.4000000953674316,-2.0999999046325684,-2.0,-1.7999999523162842,-1.600000023841858,-1.5,-1.2999999523162842,-1.2999999523162842,-0.8999999761581421,-0.699999988079071,-0.699999988079071,-0.30000001192092896,-0.5,-0.5,-0.6000000238418579,-0.6000000238418579,-0.5,-0.4000000059604645,-0.30000001192092896,-0.20000000298023224,-0.0,0.10000000149011612,0.30000001192092896,0.30000001192092896,0.4000000059604645,0.4000000059604645,0.4000000059604645,0.30000001192092896,0.30000001192092896,0.30000001192092896,0.4000000059604645,0.4000000059604645,0.5
-3.5,-3.5999999046325684,-3.700000047683716,-3.799999952316284,-3.9000000953674316,-4.0,-4.0,-3.9000000953674316,-3.799999952316284,-3.700000047683716,-3.5,-3.200000047683716,-3.0,-2.799999952316284,-2.5999999046325684,-2.4000000953674316,-2.299999952316284,-2.0999999046325684,-2.0,-1.7999999523162842,-1.7000000476837158,-1.7000000476837158,-1.2999999523162842,-1.100000023841858,-1.100000023841858,-0.8999999761581421,-0.800000011920929,-0.8999999761581421,-0.8999999761581421,-0.800000011920929,-0.800000011920929,-0.699999988079071,-0.699999988079071,-0.6000000238418579,-0.4000000059604645,-0.30000001192092896,-0.10000000149011612,-0.0,0.10000000149011612,0.10000000149011612,0.10000000149011612,0.0,0.0,0.0,0.10000000149011612,0.10000000149011612,0.20000000298023224
-3.5,-3.5999999046325684,-3.700000047683716,-3.799999952316284,-3.9000000953674316,-3.9000000953674316,-4.0,-4.0,-3.9000000953674316,-3.700000047683716,-3.5999999046325684,-3.4000000953674316,-3.200000047683716,-3.0,-2.9000000953674316,-2.700000047683716,-2.5999999046325684,-2.4000000953674316,-2.299999952316284,-2.200000047683716,-2.0,-1.899999976158142,-1.7999999523162842,-1.600000023841858,-1.5,-1.2999999523162842,-1.2000000476837158,-1.100000023841858,-1.100000023841858,-1.100000023841858,-1.0,-0.8999999761581421,-0.8999999761581421,-0.800000011920929,-0.800000011920929,-0.699999988079071,-0.5,-0.4000000059604645,-0.30000001192092896,-0.20000000298023224,-0.20000000298023224,-0.30000001192092896,-0.30000001192092896,-0.30000001192092896,-0.30000001192092896,-0.20000000298023224,-0.10000000149011612
-3.700000047683716,-3.700000047683716,-3.799999952316284,-3.9000000953674316,-3.9000000953674316,-4.0,-4.0,-3.9000000953674316,-3.9000000953674316,-3.799999952316284,-3.700000047683716,-3.5,-3.4000000953674316,-3.299999952316284,-3.0999999046325684,-3.0,-2.9000000953674316,-2.700000047683716,-2.5999999046325684,-2.5,-2.299999952316284,-2.200000047683716,-2.0999999046325684,-2.0,-1.7999999523162842,-1.600000023841858,-1.5,-1.399999976158142,-1.2999999523162842,-1.2999999523162842,-1.2000000476837158,-1.100000023841858,-1.100000023841858,-1.100000023841858,-1.100000023841858,-1.0,-0.8999999761581421,-0.699999988079071,-0.6000000238418579,-0.5,-0.5,-0.5,-0.5,-0.6000000238418579,-0.5,-0.5,-0.4000000059604645
-3.799999952316284,-3.9000000953674316,-3.9000000953674316,-3.9000000953674316,-3.9000000953674316,-4.0,-4.0,-3.9000000953674316,-3.9000000953674316,-3.799999952316284,-3.700000047683716,-3.5999999046325684,-3.5,-3.4000000953674316,-3.299999952316284,-3.200000047683716,-3.0999999046325684,-3.0,-2.799999952316284,-2.700000047683716,-2.5999999046325684,-2.4000000953674316,-2.299999952316284,-2.200000047683716,-2.0,-1.7999999523162842,-1.7000000476837158,-1.600000023841858,-1.5,-1.399999976158142,-1.399999976158142,-1.2999999523162842,-1.2999999523162842,-1.2999999523162842,-1.2999999523162842,-1.2999999523162842,-1.2000000476837158,-1.100000023841858,-1.0,-0.8999999761581421,-0.800000011920929,-0.699999988079071,-0.699999988079071,-0.699999988079071,-0.699999988079071,-0.699999988079071,-0.6000000238418579
-3.9000000953674316,-3.799999952316284,-3.799999952316284,-3.799999952316284,-3.9000000953674316,-3.9000000953674316,-3.9000000953674316,-3.9000000953674316,-3.9000000953674316,-3.799999952316284,-3.700000047683716,-3.5999999046325684,-3.5999999046325684,-3.5,-3.5,-3.299999952316284,-3.200000047683716,-3.0,-2.9000000953674316,-2.799999952316284,-2.700000047683716,-2.5,-2.4000000953674316,-2.299999952316284,-2.0999999046325684,-2.0,-1.7999999523162842,-1.7000000476837158,-1.7000000476837158,-1.600000023841858,-1.600000023841858,-1.5,-1.5,-1.5,-1.600000023841858,-1.600000023841858,-1.5,-1.5,-1.2999999523162842,-1.2000000476837158,-1.0,-0.8999999761581421,-0.8999999761581421,-0.8999999761581421,-0.8999999761581421,-0.800000011920929,-0.800000011920929
