data_weather/step_14.json
{"header": {"nx": 220, "ny": 225, "lo1": 11.000000000000096, "la1": 39.480000000000906, "lo2": 16.475000000000172, "la2": 35.000000000000206, "dx": 0.025000000000000355, "dy": 0.020000000000003126, "refTime": "2026-02-07T02:00:00.000Z", "parameterCategory": 2, "parameterNumber": 2}, "data":
[rows 42 to 62 of 225, columns 144 to 191 of 220]
11.0,11.199999809265137,11.199999809265137,11.0,10.800000190734863,10.5,10.300000190734863,10.0,9.800000190734863,9.800000190734863,9.899999618530273,10.100000381469727,10.5,10.899999618530273,10.899999618530273,10.800000190734863,10.800000190734863,10.699999809265137,9.800000190734863,9.399999618530273,10.199999809265137,10.5,10.399999618530273,10.300000190734863,10.199999809265137,10.199999809265137,10.5,10.699999809265137,10.699999809265137,10.399999618530273,10.0,9.600000381469727,9.600000381469727,9.699999809265137,10.0,10.199999809265137,10.199999809265137,10.0,9.699999809265137,9.600000381469727,9.600000381469727,9.699999809265137,10.0,10.0,9.899999618530273,9.800000190734863,9.399999618530273,9.100000381469727
11.0,11.0,10.800000190734863,10.5,10.199999809265137,10.0,9.699999809265137,9.399999618530273,9.300000190734863,9.399999618530273,9.399999618530273,10.100000381469727,10.5,10.699999809265137,10.5,10.199999809265137,10.0,10.100000381469727,10.0,10.0,10.399999618530273,10.0,9.800000190734863,9.699999809265137,9.800000190734863,10.0,10.300000190734863,10.399999618530273,10.300000190734863,10.0,9.699999809265137,9.399999618530273,9.399999618530273,9.600000381469727,9.800000190734863,10.0,9.899999618530273,9.699999809265137,9.5,9.300000190734863,9.300000190734863,9.199999809265137,9.300000190734863,9.5,9.5,9.399999618530273,9.100000381469727,9.0
10.300000190734863,10.300000190734863,10.100000381469727,9.699999809265137,9.399999618530273,9.300000190734863,9.199999809265137,9.100000381469727,9.0,8.699999809265137,8.899999618530273,9.699999809265137,10.0,9.899999618530273,9.300000190734863,8.800000190734863,8.800000190734863,9.199999809265137,9.699999809265137,9.800000190734863,9.699999809265137,9.5,9.199999809265137,9.199999809265137,9.399999618530273,9.699999809265137,9.899999618530273,10.0,9.899999618530273,9.699999809265137,9.399999618530273,9.300000190734863,9.399999618530273,9.600000381469727,9.699999809265137,9.800000190734863,9.699999809265137,9.5,9.300000190734863,9.199999809265137,9.100000381469727,9.0,9.0,9.0,9.100000381469727,9.100000381469727,8.899999618530273,8.600000381469727
9.600000381469727,9.699999809265137,9.600000381469727,9.399999618530273,9.199999809265137,9.300000190734863,9.300000190734863,8.899999618530273,7.900000095367432,7.300000190734863,7.400000095367432,8.399999618530273,8.199999809265137,7.800000190734863,7.300000190734863,7.800000190734863,8.399999618530273,8.899999618530273,9.300000190734863,9.300000190734863,9.100000381469727,8.899999618530273,8.899999618530273,9.0,9.300000190734863,9.5,9.600000381469727,9.699999809265137,9.600000381469727,9.5,9.300000190734863,9.199999809265137,9.199999809265137,9.5,9.699999809265137,9.699999809265137,9.699999809265137,9.5,9.300000190734863,9.100000381469727,9.0,9.0,9.0,8.899999618530273,9.0,9.100000381469727,8.899999618530273,8.600000381469727
10.100000381469727,10.300000190734863,10.199999809265137,10.0,9.800000190734863,9.800000190734863,9.899999618530273,8.899999618530273,6.900000095367432,7.0,7.099999904632568,7.099999904632568,7.099999904632568,7.699999809265137,7.599999904632568,8.199999809265137,8.899999618530273,9.600000381469727,9.600000381469727,9.5,9.300000190734863,9.100000381469727,9.199999809265137,9.300000190734863,9.5,9.600000381469727,9.600000381469727,9.600000381469727,9.600000381469727,9.600000381469727,9.600000381469727,9.5,9.5,9.600000381469727,9.699999809265137,9.699999809265137,9.699999809265137,9.600000381469727,9.5,9.300000190734863,9.199999809265137,9.100000381469727,9.199999809265137,9.199999809265137,9.100000381469727,9.0,8.800000190734863,8.699999809265137
10.899999618530273,10.800000190734863,10.800000190734863,10.5,10.399999618530273,10.399999618530273,10.600000381469727,10.100000381469727,9.0,9.0,8.899999618530273,8.699999809265137,8.5,9.399999618530273,9.300000190734863,9.800000190734863,10.5,10.699999809265137,10.5,10.100000381469727,9.699999809265137,9.699999809265137,9.800000190734863,9.899999618530273,9.899999618530273,9.899999618530273,9.800000190734863,9.800000190734863,9.899999618530273,10.0,10.100000381469727,10.0,9.899999618530273,9.899999618530273,9.899999618530273,9.899999618530273,9.899999618530273,9.899999618530273,9.699999809265137,9.600000381469727,9.5,9.399999618530273,9.300000190734863,9.300000190734863,9.199999809265137,9.300000190734863,9.199999809265137,9.0
11.100000381469727,11.0,10.800000190734863,10.600000381469727,10.5,10.399999618530273,10.600000381469727,10.600000381469727,10.199999809265137,10.199999809265137,10.899999618530273,11.0,10.800000190734863,10.300000190734863,9.199999809265137,9.899999618530273,10.600000381469727,10.699999809265137,10.399999618530273,10.300000190734863,10.100000381469727,10.100000381469727,10.199999809265137,10.199999809265137,10.100000381469727,10.0,10.0,10.0,10.100000381469727,10.300000190734863,10.399999618530273,10.399999618530273,10.300000190734863,10.199999809265137,10.100000381469727,10.100000381469727,10.100000381469727,10.100000381469727,10.0,10.0,9.899999618530273,9.699999809265137,9.699999809265137,9.600000381469727,9.300000190734863,9.399999618530273,9.399999618530273,9.100000381469727
10.699999809265137,10.800000190734863,10.699999809265137,10.600000381469727,10.5,10.5,10.600000381469727,10.699999809265137,10.600000381469727,10.300000190734863,10.399999618530273,10.100000381469727,9.0,9.600000381469727,8.300000190734863,9.300000190734863,10.0,10.100000381469727,9.800000190734863,9.899999618530273,10.100000381469727,10.199999809265137,10.199999809265137,10.199999809265137,10.100000381469727,10.0,10.100000381469727,10.199999809265137,10.300000190734863,10.399999618530273,10.5,10.5,10.399999618530273,10.300000190734863,10.300000190734863,10.300000190734863,10.300000190734863,10.300000190734863,10.199999809265137,10.199999809265137,10.100000381469727,10.0,9.899999618530273,9.800000190734863,9.5,9.300000190734863,9.300000190734863,9.199999809265137
10.600000381469727,10.600000381469727,10.600000381469727,10.5,10.5,10.399999618530273,10.399999618530273,10.600000381469727,10.600000381469727,10.399999618530273,10.300000190734863,9.899999618530273,8.300000190734863,9.300000190734863,9.0,9.100000381469727,9.699999809265137,9.800000190734863,9.699999809265137,10.0,10.300000190734863,10.5,10.399999618530273,10.300000190734863,10.100000381469727,10.100000381469727,10.100000381469727,10.199999809265137,10.300000190734863,10.399999618530273,10.5,10.5,10.399999618530273,10.399999618530273,10.300000190734863,10.300000190734863,10.300000190734863,10.300000190734863,10.300000190734863,10.300000190734863,10.199999809265137,10.100000381469727,10.0,9.899999618530273,9.800000190734863,9.399999618530273,9.199999809265137,9.100000381469727
10.399999618530273,10.399999618530273,10.5,10.399999618530273,10.300000190734863,10.199999809265137,10.199999809265137,10.199999809265137,10.199999809265137,10.199999809265137,10.199999809265137,10.100000381469727,9.0,8.300000190734863,8.699999809265137,9.800000190734863,10.699999809265137,10.5,10.300000190734863,10.300000190734863,10.5,10.600000381469727,10.600000381469727,10.5,10.300000190734863,10.199999809265137,10.199999809265137,10.199999809265137,10.199999809265137,10.300000190734863,10.399999618530273,10.5,10.5,10.399999618530273,10.399999618530273,10.300000190734863,10.300000190734863,10.300000190734863,10.300000190734863,10.300000190734863,10.199999809265137,10.100000381469727,10.0,9.800000190734863,9.600000381469727,9.300000190734863,9.0,9.0
10.100000381469727,10.100000381469727,10.100000381469727,10.0,9.800000190734863,9.600000381469727,9.600000381469727,9.699999809265137,9.699999809265137,9.800000190734863,10.0,10.0,10.100000381469727,9.899999618530273,9.5,9.600000381469727,10.899999618530273,10.800000190734863,10.5,10.399999618530273,10.399999618530273,10.5,10.5,10.399999618530273,10.199999809265137,10.0,9.899999618530273,9.899999618530273,9.899999618530273,10.100000381469727,10.300000190734863,10.399999618530273,10.399999618530273,10.300000190734863,10.199999809265137,10.199999809265137,10.100000381469727,10.199999809265137,10.199999809265137,10.199999809265137,10.199999809265137,10.100000381469727,9.899999618530273,9.600000381469727,9.399999618530273,9.100000381469727,8.800000190734863,8.600000381469727
9.5,9.5,9.5,9.399999618530273,9.199999809265137,9.100000381469727,9.0,9.0,9.100000381469727,9.300000190734863,9.399999618530273,9.600000381469727,9.899999618530273,9.300000190734863,8.399999618530273,8.800000190734863,10.199999809265137,10.399999618530273,10.0,9.600000381469727,9.399999618530273,9.600000381469727,9.800000190734863,9.899999618530273,9.699999809265137,9.5,9.199999809265137,9.199999809265137,9.300000190734863,9.600000381469727,10.0,10.100000381469727,10.100000381469727,10.0,10.0,9.899999618530273,9.899999618530273,10.0,10.0,10.100000381469727,10.0,9.899999618530273,9.699999809265137,9.399999618530273,9.100000381469727,8.899999618530273,8.5,8.100000381469727
8.699999809265137,8.699999809265137,8.699999809265137,8.699999809265137,8.600000381469727,8.5,8.399999618530273,8.399999618530273,8.399999618530273,8.600000381469727,8.800000190734863,9.0,9.100000381469727,8.0,7.400000095367432,8.199999809265137,8.899999618530273,9.300000190734863,8.899999618530273,8.600000381469727,8.600000381469727,8.899999618530273,9.199999809265137,9.300000190734863,9.100000381469727,8.800000190734863,8.5,8.5,8.699999809265137,9.100000381469727,9.5,9.699999809265137,9.800000190734863,9.699999809265137,9.600000381469727,9.600000381469727,9.699999809265137,9.800000190734863,9.899999618530273,9.899999618530273,9.899999618530273,9.699999809265137,9.5,9.100000381469727,8.699999809265137,8.300000190734863,8.0,7.800000190734863
8.0,8.0,8.0,8.0,8.0,8.0,7.900000095367432,7.900000095367432,7.900000095367432,8.100000381469727,8.300000190734863,8.5,8.600000381469727,7.900000095367432,7.300000190734863,8.199999809265137,8.699999809265137,9.199999809265137,8.899999618530273,8.300000190734863,8.199999809265137,8.399999618530273,8.899999618530273,9.199999809265137,9.100000381469727,8.600000381469727,8.199999809265137,8.100000381469727,8.199999809265137,8.699999809265137,9.100000381469727,9.300000190734863,9.399999618530273,9.5,9.5,9.5,9.600000381469727,9.600000381469727,9.699999809265137,9.699999809265137,9.699999809265137,9.5,9.199999809265137,8.699999809265137,8.199999809265137,7.800000190734863,7.599999904632568,7.699999809265137
7.300000190734863,7.400000095367432,7.5,7.599999904632568,7.599999904632568,7.699999809265137,7.599999904632568,7.599999904632568,7.699999809265137,7.900000095367432,8.100000381469727,8.300000190734863,8.399999618530273,8.199999809265137,8.0,8.600000381469727,9.0,9.600000381469727,9.399999618530273,8.899999618530273,8.5,8.600000381469727,9.0,9.300000190734863,9.300000190734863,8.800000190734863,8.300000190734863,8.0,8.0,8.399999618530273,8.800000190734863,9.199999809265137,9.300000190734863,9.399999618530273,9.399999618530273,9.5,9.5,9.5,9.600000381469727,9.600000381469727,9.5,9.399999618530273,8.800000190734863,8.100000381469727,7.5,7.199999809265137,7.400000095367432,7.599999904632568
7.0,7.099999904632568,7.300000190734863,7.400000095367432,7.5,7.5,7.5,7.599999904632568,7.699999809265137,7.900000095367432,8.199999809265137,8.399999618530273,8.600000381469727,8.699999809265137,8.600000381469727,9.0,9.5,9.899999618530273,9.800000190734863,9.300000190734863,8.800000190734863,8.600000381469727,8.800000190734863,9.199999809265137,9.300000190734863,9.100000381469727,8.699999809265137,8.199999809265137,8.0,8.100000381469727,8.5,8.899999618530273,9.199999809265137,9.399999618530273,9.5,9.399999618530273,9.5,9.5,9.5,9.399999618530273,9.300000190734863,8.899999618530273,8.199999809265137,7.300000190734863,6.800000190734863,6.699999809265137,7.0,7.0
7.099999904632568,7.099999904632568,7.199999809265137,7.400000095367432,7.5,7.599999904632568,7.699999809265137,7.800000190734863,7.900000095367432,8.199999809265137,8.399999618530273,8.600000381469727,8.800000190734863,8.800000190734863,8.899999618530273,9.0,9.300000190734863,9.600000381469727,9.699999809265137,9.199999809265137,8.600000381469727,8.300000190734863,8.300000190734863,8.699999809265137,9.0,9.0,8.699999809265137,8.199999809265137,7.900000095367432,7.900000095367432,8.199999809265137,8.699999809265137,9.100000381469727,9.399999618530273,9.399999618530273,9.5,9.399999618530273,9.199999809265137,8.899999618530273,8.899999618530273,8.899999618530273,8.199999809265137,7.099999904632568,6.099999904632568,6.0,5.900000095367432,6.0,5.300000190734863
7.199999809265137,7.300000190734863,7.300000190734863,7.400000095367432,7.5,7.599999904632568,7.800000190734863,8.0,8.100000381469727,8.300000190734863,8.399999618530273,8.5,8.600000381469727,8.600000381469727,8.699999809265137,8.699999809265137,8.899999618530273,9.100000381469727,9.199999809265137,8.800000190734863,8.100000381469727,7.5,7.400000095367432,7.800000190734863,8.300000190734863,8.699999809265137,8.5,8.100000381469727,7.599999904632568,7.5,7.800000190734863,8.300000190734863,8.800000190734863,9.199999809265137,9.399999618530273,9.399999618530273,8.800000190734863,8.199999809265137,7.800000190734863,8.0,7.800000190734863,6.5,4.800000190734863,3.9000000953674316,4.199999809265137,4.599999904632568,4.5,3.299999952316284
7.300000190734863,7.300000190734863,7.300000190734863,7.400000095367432,7.5,7.599999904632568,7.800000190734863,7.900000095367432,8.0,8.0,8.0,7.900000095367432,7.900000095367432,7.800000190734863,7.900000095367432,8.100000381469727,8.300000190734863,8.5,8.5,8.100000381469727,7.400000095367432,6.800000190734863,6.699999809265137,7.0,7.699999809265137,8.199999809265137,8.0,7.699999809265137,7.300000190734863,7.099999904632568,7.5,8.0,8.699999809265137,9.0,9.0,8.199999809265137,6.400000095367432,6.300000190734863,6.900000095367432,5.900000095367432,4.699999809265137,2.700000047683716,1.899999976158142,1.600000023841858,2.5999999046325684,3.200000047683716,2.9000000953674316,1.399999976158142
7.199999809265137,7.199999809265137,7.199999809265137,7.300000190734863,7.300000190734863,7.400000095367432,7.400000095367432,7.400000095367432,7.300000190734863,7.199999809265137,7.099999904632568,7.099999904632568,7.099999904632568,7.199999809265137,7.400000095367432,7.599999904632568,7.800000190734863,8.0,8.0,7.699999809265137,7.199999809265137,6.599999904632568,6.5,6.699999809265137,7.400000095367432,7.400000095367432,7.0,6.800000190734863,6.900000095367432,7.099999904632568,7.099999904632568,7.599999904632568,8.0,8.199999809265137,7.199999809265137,5.599999904632568,4.599999904632568,5.900000095367432,7.099999904632568,5.300000190734863,2.0,-0.5,-0.6000000238418579,0.699999988079071,2.200000047683716,2.299999952316284,2.0999999046325684,1.399999976158142
7.099999904632568,7.0,7.0,7.0,6.900000095367432,6.800000190734863,6.599999904632568,6.5,6.400000095367432,6.599999904632568,6.599999904632568,6.5,6.599999904632568,6.900000095367432,7.300000190734863,7.699999809265137,7.900000095367432,8.199999809265137,8.0,7.599999904632568,7.099999904632568,6.599999904632568,6.599999904632568,6.900000095367432,7.5,7.300000190734863,6.5,6.5,6.400000095367432,6.199999809265137,6.199999809265137,6.599999904632568,6.099999904632568,4.699999809265137,4.199999809265137,3.5,3.700000047683716,5.400000095367432,6.900000095367432,4.099999904632568,0.699999988079071,-1.5,-1.5,0.800000011920929,2.5999999046325684,2.299999952316284,0.800000011920929,0.800000011920929
