data_weather/step_49.json
{"header": {"nx": 220, "ny": 225, "lo1": 11.000000000000096, "la1": 39.480000000000906, "lo2": 16.475000000000172, "la2": 35.000000000000206, "dx": 0.025000000000000355, "dy": 0.020000000000003126, "refTime": "2026-02-08T01:00:00.000Z", "parameterCategory": 2, "parameterNumber": 2}, "data":
[rows 147 to 167 of 225, columns 96 to 143 of 220]
8.899999618530273,9.0,9.100000381469727,9.300000190734863,9.5,9.600000381469727,9.600000381469727,9.600000381469727,9.699999809265137,9.699999809265137,9.600000381469727,9.300000190734863,9.0,8.800000190734863,8.899999618530273,9.300000190734863,9.800000190734863,9.899999618530273,9.699999809265137,9.399999618530273,9.5,9.399999618530273,9.100000381469727,9.0,9.0,9.199999809265137,9.399999618530273,9.600000381469727,9.800000190734863,10.0,10.0,9.899999618530273,9.800000190734863,9.600000381469727,9.399999618530273,9.5,9.600000381469727,9.699999809265137,9.800000190734863,10.100000381469727,10.399999618530273,10.699999809265137,11.100000381469727,11.699999809265137,12.300000190734863,12.600000381469727,12.600000381469727,12.399999618530273
8.699999809265137,8.800000190734863,9.0,9.199999809265137,9.399999618530273,9.5,9.5,9.5,9.600000381469727,9.600000381469727,9.600000381469727,9.399999618530273,9.199999809265137,9.0,9.199999809265137,9.5,9.800000190734863,9.800000190734863,9.600000381469727,9.300000190734863,9.0,9.0,8.800000190734863,8.899999618530273,9.100000381469727,9.300000190734863,9.399999618530273,9.5,9.699999809265137,9.800000190734863,10.0,9.800000190734863,9.699999809265137,9.399999618530273,9.300000190734863,9.399999618530273,9.600000381469727,9.699999809265137,9.800000190734863,9.899999618530273,10.199999809265137,10.399999618530273,10.699999809265137,11.300000190734863,11.899999618530273,12.399999618530273,12.600000381469727,12.5
8.600000381469727,8.699999809265137,8.800000190734863,9.100000381469727,9.199999809265137,9.300000190734863,9.300000190734863,9.399999618530273,9.5,9.600000381469727,9.600000381469727,9.5,9.300000190734863,9.300000190734863,9.399999618530273,9.600000381469727,9.600000381469727,9.5,9.399999618530273,9.199999809265137,8.899999618530273,8.600000381469727,8.600000381469727,8.899999618530273,9.300000190734863,9.5,9.600000381469727,9.600000381469727,9.600000381469727,9.899999618530273,10.0,9.800000190734863,9.5,9.399999618530273,9.300000190734863,9.300000190734863,9.399999618530273,9.600000381469727,9.699999809265137,9.899999618530273,10.100000381469727,10.199999809265137,10.399999618530273,10.899999618530273,11.5,12.0,12.300000190734863,12.399999618530273
8.5,8.600000381469727,8.800000190734863,8.899999618530273,9.0,9.100000381469727,9.199999809265137,9.199999809265137,9.300000190734863,9.399999618530273,9.5,9.399999618530273,9.399999618530273,9.399999618530273,9.5,9.600000381469727,9.5,9.300000190734863,9.300000190734863,9.100000381469727,8.699999809265137,8.399999618530273,8.5,8.899999618530273,9.399999618530273,9.600000381469727,9.600000381469727,9.600000381469727,9.699999809265137,10.0,10.199999809265137,9.899999618530273,9.399999618530273,9.300000190734863,9.300000190734863,9.300000190734863,9.300000190734863,9.5,9.699999809265137,9.800000190734863,10.0,10.100000381469727,10.199999809265137,10.399999618530273,10.899999618530273,11.600000381469727,12.100000381469727,12.199999809265137
8.600000381469727,8.600000381469727,8.699999809265137,8.800000190734863,8.899999618530273,9.0,9.0,9.100000381469727,9.199999809265137,9.300000190734863,9.399999618530273,9.399999618530273,9.399999618530273,9.399999618530273,9.5,9.5,9.399999618530273,9.300000190734863,9.300000190734863,9.100000381469727,8.600000381469727,8.300000190734863,8.5,9.0,9.300000190734863,9.5,9.5,9.5,9.800000190734863,10.199999809265137,10.300000190734863,9.800000190734863,9.399999618530273,9.399999618530273,9.300000190734863,9.300000190734863,9.300000190734863,9.5,9.699999809265137,9.899999618530273,10.0,10.100000381469727,10.0,10.199999809265137,10.5,11.100000381469727,11.800000190734863,12.0
8.600000381469727,8.600000381469727,8.699999809265137,8.699999809265137,8.800000190734863,8.899999618530273,8.899999618530273,9.0,9.100000381469727,9.199999809265137,9.300000190734863,9.300000190734863,9.300000190734863,9.399999618530273,9.399999618530273,9.399999618530273,9.399999618530273,9.399999618530273,9.300000190734863,9.199999809265137,8.800000190734863,8.5,8.699999809265137,9.0,9.300000190734863,9.300000190734863,9.300000190734863,9.5,9.800000190734863,10.199999809265137,10.199999809265137,9.800000190734863,9.399999618530273,9.399999618530273,9.399999618530273,9.399999618530273,9.399999618530273,9.5,9.699999809265137,9.899999618530273,10.100000381469727,10.100000381469727,9.899999618530273,10.0,10.199999809265137,10.800000190734863,11.5,11.800000190734863
8.699999809265137,8.699999809265137,8.699999809265137,8.699999809265137,8.800000190734863,8.800000190734863,8.899999618530273,8.899999618530273,9.0,9.100000381469727,9.199999809265137,9.199999809265137,9.199999809265137,9.199999809265137,9.300000190734863,9.399999618530273,9.300000190734863,9.399999618530273,9.399999618530273,9.199999809265137,8.899999618530273,8.800000190734863,8.899999618530273,9.0,9.100000381469727,9.100000381469727,9.199999809265137,9.399999618530273,9.800000190734863,10.100000381469727,9.899999618530273,9.600000381469727,9.399999618530273,9.300000190734863,9.399999618530273,9.300000190734863,9.399999618530273,9.5,9.699999809265137,10.0,10.100000381469727,10.0,9.899999618530273,9.899999618530273,10.199999809265137,10.5,11.0,11.399999618530273
8.800000190734863,8.699999809265137,8.699999809265137,8.800000190734863,8.800000190734863,8.800000190734863,8.800000190734863,8.899999618530273,9.0,9.100000381469727,9.100000381469727,9.100000381469727,9.100000381469727,9.100000381469727,9.199999809265137,9.300000190734863,9.300000190734863,9.300000190734863,9.300000190734863,9.199999809265137,9.100000381469727,8.899999618530273,8.899999618530273,9.0,9.0,9.100000381469727,9.199999809265137,9.399999618530273,9.699999809265137,9.800000190734863,9.600000381469727,9.300000190734863,9.199999809265137,9.199999809265137,9.300000190734863,9.300000190734863,9.399999618530273,9.399999618530273,9.699999809265137,10.0,10.100000381469727,10.100000381469727,9.899999618530273,9.899999618530273,10.199999809265137,10.399999618530273,10.699999809265137,10.899999618530273
8.800000190734863,8.800000190734863,8.800000190734863,8.800000190734863,8.800000190734863,8.800000190734863,8.800000190734863,8.899999618530273,9.0,9.0,9.100000381469727,9.100000381469727,9.100000381469727,9.199999809265137,9.199999809265137,9.199999809265137,9.199999809265137,9.199999809265137,9.199999809265137,9.100000381469727,9.100000381469727,9.0,9.0,9.0,9.0,9.0,9.199999809265137,9.399999618530273,9.600000381469727,9.600000381469727,9.399999618530273,9.199999809265137,9.199999809265137,9.199999809265137,9.199999809265137,9.300000190734863,9.399999618530273,9.5,9.600000381469727,9.800000190734863,10.0,10.0,10.0,10.100000381469727,10.199999809265137,10.399999618530273,10.600000381469727,10.699999809265137
8.800000190734863,8.800000190734863,8.800000190734863,8.899999618530273,8.899999618530273,8.800000190734863,8.800000190734863,8.899999618530273,9.0,9.0,9.0,9.100000381469727,9.199999809265137,9.199999809265137,9.199999809265137,9.100000381469727,9.100000381469727,9.0,9.100000381469727,9.100000381469727,9.100000381469727,9.100000381469727,9.100000381469727,9.0,9.0,9.0,9.199999809265137,9.399999618530273,9.600000381469727,9.600000381469727,9.399999618530273,9.199999809265137,9.199999809265137,9.199999809265137,9.300000190734863,9.300000190734863,9.399999618530273,9.399999618530273,9.5,9.699999809265137,9.800000190734863,9.899999618530273,10.0,10.100000381469727,10.300000190734863,10.399999618530273,10.600000381469727,10.699999809265137
8.800000190734863,8.800000190734863,8.899999618530273,8.899999618530273,8.899999618530273,8.800000190734863,8.800000190734863,8.800000190734863,8.899999618530273,9.0,9.0,9.100000381469727,9.199999809265137,9.199999809265137,9.100000381469727,9.0,8.899999618530273,8.899999618530273,9.100000381469727,9.100000381469727,9.100000381469727,9.100000381469727,9.0,9.0,9.0,9.100000381469727,9.199999809265137,9.300000190734863,9.5,9.5,9.399999618530273,9.199999809265137,9.199999809265137,9.300000190734863,9.300000190734863,9.399999618530273,9.399999618530273,9.399999618530273,9.399999618530273,9.5,9.699999809265137,9.800000190734863,10.0,10.100000381469727,10.300000190734863,10.399999618530273,10.600000381469727,10.800000190734863
8.800000190734863,8.800000190734863,8.899999618530273,8.800000190734863,8.800000190734863,8.800000190734863,8.800000190734863,8.800000190734863,8.899999618530273,8.899999618530273,9.0,9.0,9.100000381469727,9.199999809265137,9.100000381469727,8.899999618530273,8.800000190734863,8.899999618530273,9.100000381469727,9.100000381469727,9.100000381469727,9.0,9.0,9.0,9.100000381469727,9.100000381469727,9.199999809265137,9.300000190734863,9.300000190734863,9.300000190734863,9.300000190734863,9.199999809265137,9.199999809265137,9.300000190734863,9.300000190734863,9.399999618530273,9.399999618530273,9.399999618530273,9.399999618530273,9.5,9.600000381469727,9.800000190734863,9.899999618530273,10.0,10.199999809265137,10.399999618530273,10.600000381469727,10.899999618530273
8.800000190734863,8.800000190734863,8.800000190734863,8.800000190734863,8.800000190734863,8.800000190734863,8.800000190734863,8.800000190734863,8.899999618530273,8.899999618530273,9.0,9.0,9.0,9.100000381469727,9.0,8.899999618530273,8.800000190734863,8.899999618530273,9.0,9.0,8.899999618530273,8.899999618530273,8.899999618530273,9.0,9.199999809265137,9.199999809265137,9.300000190734863,9.300000190734863,9.199999809265137,9.199999809265137,9.199999809265137,9.300000190734863,9.199999809265137,9.199999809265137,9.300000190734863,9.399999618530273,9.5,9.5,9.5,9.5,9.600000381469727,9.699999809265137,9.899999618530273,10.0,10.100000381469727,10.300000190734863,10.600000381469727,10.899999618530273
8.800000190734863,8.800000190734863,8.800000190734863,8.800000190734863,8.800000190734863,8.800000190734863,8.899999618530273,8.899999618530273,9.0,9.0,9.0,9.0,9.0,8.899999618530273,8.899999618530273,8.800000190734863,8.800000190734863,8.899999618530273,8.899999618530273,8.899999618530273,8.800000190734863,8.800000190734863,8.899999618530273,9.0,9.199999809265137,9.300000190734863,9.300000190734863,9.300000190734863,9.199999809265137,9.199999809265137,9.300000190734863,9.300000190734863,9.199999809265137,9.199999809265137,9.199999809265137,9.399999618530273,9.600000381469727,9.600000381469727,9.600000381469727,9.600000381469727,9.699999809265137,9.800000190734863,9.899999618530273,10.0,10.0,10.199999809265137,10.5,10.699999809265137
8.600000381469727,8.600000381469727,8.699999809265137,8.699999809265137,8.800000190734863,8.800000190734863,8.899999618530273,8.899999618530273,9.0,9.0,9.0,9.0,8.899999618530273,8.899999618530273,8.800000190734863,8.800000190734863,8.800000190734863,8.899999618530273,8.899999618530273,8.800000190734863,8.699999809265137,8.699999809265137,8.800000190734863,9.0,9.199999809265137,9.300000190734863,9.399999618530273,9.300000190734863,9.199999809265137,9.300000190734863,9.300000190734863,9.300000190734863,9.199999809265137,9.100000381469727,9.100000381469727,9.300000190734863,9.600000381469727,9.699999809265137,9.699999809265137,9.699999809265137,9.800000190734863,10.0,10.0,10.100000381469727,10.199999809265137,10.199999809265137,10.399999618530273,10.600000381469727
8.399999618530273,8.5,8.600000381469727,8.699999809265137,8.800000190734863,8.800000190734863,8.899999618530273,9.0,9.0,9.0,9.0,8.899999618530273,8.899999618530273,8.800000190734863,8.800000190734863,8.899999618530273,8.899999618530273,8.899999618530273,8.800000190734863,8.699999809265137,8.600000381469727,8.699999809265137,8.800000190734863,9.0,9.199999809265137,9.300000190734863,9.300000190734863,9.300000190734863,9.199999809265137,9.300000190734863,9.399999618530273,9.300000190734863,9.300000190734863,9.100000381469727,9.100000381469727,9.300000190734863,9.5,9.699999809265137,9.800000190734863,9.800000190734863,9.800000190734863,9.899999618530273,10.100000381469727,10.100000381469727,10.199999809265137,10.300000190734863,10.399999618530273,10.600000381469727
8.399999618530273,8.5,8.600000381469727,8.699999809265137,8.800000190734863,8.800000190734863,8.899999618530273,9.0,9.0,9.0,8.899999618530273,8.899999618530273,8.800000190734863,8.899999618530273,8.899999618530273,9.0,9.0,8.899999618530273,8.800000190734863,8.699999809265137,8.699999809265137,8.699999809265137,8.800000190734863,9.0,9.199999809265137,9.300000190734863,9.300000190734863,9.199999809265137,9.100000381469727,9.199999809265137,9.300000190734863,9.399999618530273,9.300000190734863,9.199999809265137,9.199999809265137,9.300000190734863,9.600000381469727,9.800000190734863,9.800000190734863,9.800000190734863,9.800000190734863,9.800000190734863,10.0,10.100000381469727,10.100000381469727,10.199999809265137,10.300000190734863,10.399999618530273
8.399999618530273,8.399999618530273,8.5,8.600000381469727,8.699999809265137,8.800000190734863,8.800000190734863,8.899999618530273,9.0,9.0,8.899999618530273,8.800000190734863,8.800000190734863,8.899999618530273,9.0,9.100000381469727,9.100000381469727,9.100000381469727,9.0,8.899999618530273,8.800000190734863,8.800000190734863,8.899999618530273,9.100000381469727,9.100000381469727,9.100000381469727,9.0,9.0,9.0,9.100000381469727,9.300000190734863,9.399999618530273,9.5,9.399999618530273,9.399999618530273,9.5,9.699999809265137,9.800000190734863,9.800000190734863,9.800000190734863,9.800000190734863,9.800000190734863,9.899999618530273,10.0,10.100000381469727,10.199999809265137,10.300000190734863,10.300000190734863
8.399999618530273,8.399999618530273,8.5,8.600000381469727,8.600000381469727,8.699999809265137,8.800000190734863,8.800000190734863,8.899999618530273,8.899999618530273,8.800000190734863,8.800000190734863,8.800000190734863,8.899999618530273,9.0,9.100000381469727,9.199999809265137,9.199999809265137,9.199999809265137,9.100000381469727,9.100000381469727,9.100000381469727,9.100000381469727,9.100000381469727,9.0,8.899999618530273,8.800000190734863,8.800000190734863,8.899999618530273,9.0,9.199999809265137,9.399999618530273,9.5,9.5,9.5,9.600000381469727,9.699999809265137,9.800000190734863,9.800000190734863,9.800000190734863,9.800000190734863,9.899999618530273,10.0,10.0,10.100000381469727,10.199999809265137,10.199999809265137,10.199999809265137
8.5,8.5,8.5,8.5,8.600000381469727,8.600000381469727,8.699999809265137,8.699999809265137,8.800000190734863,8.800000190734863,8.899999618530273,8.899999618530273,8.899999618530273,8.899999618530273,8.899999618530273,9.0,9.100000381469727,9.199999809265137,9.199999809265137,9.300000190734863,9.199999809265137,9.199999809265137,9.199999809265137,9.100000381469727,9.0,8.800000190734863,8.699999809265137,8.699999809265137,8.800000190734863,8.899999618530273,9.100000381469727,9.300000190734863,9.399999618530273,9.5,9.5,9.600000381469727,9.699999809265137,9.699999809265137,9.699999809265137,9.800000190734863,9.800000190734863,10.0,10.100000381469727,10.100000381469727,10.199999809265137,10.100000381469727,10.100000381469727,10.100000381469727
8.5,8.5,8.5,8.5,8.5,8.5,8.600000381469727,8.600000381469727,8.699999809265137,8.800000190734863,8.899999618530273,8.800000190734863,8.800000190734863,8.899999618530273,8.899999618530273,9.0,9.0,9.100000381469727,9.199999809265137,9.300000190734863,9.300000190734863,9.300000190734863,9.300000190734863,9.100000381469727,9.0,8.800000190734863,8.699999809265137,8.699999809265137,8.800000190734863,8.899999618530273,9.100000381469727,9.199999809265137,9.300000190734863,9.399999618530273,9.399999618530273,9.5,9.5,9.600000381469727,9.600000381469727,9.699999809265137,9.899999618530273,10.0,10.199999809265137,10.199999809265137,10.199999809265137,10.100000381469727,10.0,10.0
