data_weather/step_29.json
{"header": {"nx": 220, "ny": 225, "lo1": 11.000000000000096, "la1": 39.480000000000906, "lo2": 16.475000000000172, "la2": 35.000000000000206, "dx": 0.025000000000000355, "dy": 0.020000000000003126, "scanMode": 0, "refTime": "2026-02-04T05:00:00.000Z", "parameterCategory": 2, "parameterNumber": 2}, "data":
[rows 105 to 125 of 225, columns 0 to 46 of 220]
10.199999809265137,10.100000381469727,10.0,9.800000190734863,9.699999809265137,9.699999809265137,9.800000190734863,9.800000190734863,9.899999618530273,10.0,10.0,10.0,9.899999618530273,9.800000190734863,9.699999809265137,9.600000381469727,9.5,9.5,9.399999618530273,9.300000190734863,9.199999809265137,8.899999618530273,8.600000381469727,8.399999618530273,8.199999809265137,8.199999809265137,8.399999618530273,8.600000381469727,8.899999618530273,9.199999809265137,9.5,9.800000190734863,10.0,10.199999809265137,10.399999618530273,10.699999809265137,10.899999618530273,10.899999618530273,10.600000381469727,10.300000190734863,10.300000190734863,10.699999809265137,11.300000190734863,10.800000190734863,8.199999809265137,4.599999904632568,1.7000000476837158
10.300000190734863,10.199999809265137,10.0,9.899999618530273,9.899999618530273,9.899999618530273,9.899999618530273,9.899999618530273,9.899999618530273,10.0,10.100000381469727,10.100000381469727,10.0,9.899999618530273,9.899999618530273,9.800000190734863,9.699999809265137,9.5,9.399999618530273,9.300000190734863,9.199999809265137,9.0,8.699999809265137,8.5,8.300000190734863,8.199999809265137,8.399999618530273,8.699999809265137,8.899999618530273,9.199999809265137,9.600000381469727,9.800000190734863,9.899999618530273,10.0,10.399999618530273,10.899999618530273,11.0,11.0,10.800000190734863,10.5,10.399999618530273,10.699999809265137,11.399999618530273,11.399999618530273,9.699999809265137,6.5,3.299999952316284
10.399999618530273,10.300000190734863,10.100000381469727,10.0,10.0,10.100000381469727,10.0,9.899999618530273,9.899999618530273,10.100000381469727,10.199999809265137,10.199999809265137,10.100000381469727,10.0,10.0,9.899999618530273,9.800000190734863,9.600000381469727,9.399999618530273,9.300000190734863,9.199999809265137,9.100000381469727,8.800000190734863,8.5,8.300000190734863,8.199999809265137,8.399999618530273,8.600000381469727,9.0,9.300000190734863,9.600000381469727,9.800000190734863,9.899999618530273,10.0,10.5,11.0,11.100000381469727,11.100000381469727,10.899999618530273,10.600000381469727,10.5,10.800000190734863,11.399999618530273,11.600000381469727,10.699999809265137,8.300000190734863,5.300000190734863
10.399999618530273,10.300000190734863,10.199999809265137,10.100000381469727,10.100000381469727,10.100000381469727,10.0,9.899999618530273,10.0,10.100000381469727,10.300000190734863,10.199999809265137,10.100000381469727,10.100000381469727,10.0,10.0,9.800000190734863,9.699999809265137,9.5,9.300000190734863,9.199999809265137,9.100000381469727,8.899999618530273,8.600000381469727,8.300000190734863,8.300000190734863,8.399999618530273,8.600000381469727,8.899999618530273,9.300000190734863,9.600000381469727,9.800000190734863,10.0,10.199999809265137,10.699999809265137,11.100000381469727,11.199999809265137,11.0,10.800000190734863,10.699999809265137,10.600000381469727,10.800000190734863,11.399999618530273,11.699999809265137,11.300000190734863,9.600000381469727,7.199999809265137
10.5,10.399999618530273,10.300000190734863,10.199999809265137,10.199999809265137,10.100000381469727,10.0,9.899999618530273,10.0,10.100000381469727,10.300000190734863,10.300000190734863,10.199999809265137,10.100000381469727,10.100000381469727,10.0,9.899999618530273,9.699999809265137,9.5,9.300000190734863,9.300000190734863,9.199999809265137,9.0,8.699999809265137,8.399999618530273,8.300000190734863,8.399999618530273,8.600000381469727,8.899999618530273,9.199999809265137,9.600000381469727,9.899999618530273,10.0,10.399999618530273,10.800000190734863,11.199999809265137,11.199999809265137,11.0,10.800000190734863,10.699999809265137,10.699999809265137,10.899999618530273,11.300000190734863,11.699999809265137,11.600000381469727,10.600000381469727,8.699999809265137
10.600000381469727,10.399999618530273,10.300000190734863,10.300000190734863,10.300000190734863,10.199999809265137,10.0,10.0,10.0,10.100000381469727,10.199999809265137,10.300000190734863,10.199999809265137,10.100000381469727,10.100000381469727,10.100000381469727,10.0,9.800000190734863,9.600000381469727,9.399999618530273,9.300000190734863,9.199999809265137,9.100000381469727,8.800000190734863,8.5,8.399999618530273,8.399999618530273,8.600000381469727,8.899999618530273,9.199999809265137,9.600000381469727,9.899999618530273,10.100000381469727,10.399999618530273,10.899999618530273,11.300000190734863,11.300000190734863,11.100000381469727,10.899999618530273,10.699999809265137,10.800000190734863,10.899999618530273,11.199999809265137,11.5,11.699999809265137,11.100000381469727,9.800000190734863
10.600000381469727,10.399999618530273,10.300000190734863,10.300000190734863,10.300000190734863,10.199999809265137,10.100000381469727,10.0,10.0,10.100000381469727,10.199999809265137,10.199999809265137,10.199999809265137,10.199999809265137,10.199999809265137,10.199999809265137,10.100000381469727,9.899999618530273,9.600000381469727,9.399999618530273,9.399999618530273,9.300000190734863,9.199999809265137,8.899999618530273,8.600000381469727,8.399999618530273,8.399999618530273,8.600000381469727,8.899999618530273,9.199999809265137,9.600000381469727,9.899999618530273,10.199999809265137,10.5,10.899999618530273,11.300000190734863,11.399999618530273,11.199999809265137,10.899999618530273,10.800000190734863,10.800000190734863,10.899999618530273,11.100000381469727,11.399999618530273,11.699999809265137,11.399999618530273,10.600000381469727
10.5,10.300000190734863,10.199999809265137,10.199999809265137,10.300000190734863,10.300000190734863,10.199999809265137,10.100000381469727,10.100000381469727,10.100000381469727,10.199999809265137,10.199999809265137,10.199999809265137,10.199999809265137,10.199999809265137,10.199999809265137,10.199999809265137,10.0,9.699999809265137,9.5,9.399999618530273,9.399999618530273,9.399999618530273,9.100000381469727,8.800000190734863,8.5,8.5,8.699999809265137,8.899999618530273,9.300000190734863,9.600000381469727,9.899999618530273,10.199999809265137,10.600000381469727,11.0,11.300000190734863,11.399999618530273,11.199999809265137,10.899999618530273,10.800000190734863,10.800000190734863,10.899999618530273,11.0,11.300000190734863,11.600000381469727,11.5,10.899999618530273
10.600000381469727,10.300000190734863,10.100000381469727,10.199999809265137,10.300000190734863,10.300000190734863,10.199999809265137,10.100000381469727,10.100000381469727,10.100000381469727,10.100000381469727,10.100000381469727,10.199999809265137,10.199999809265137,10.199999809265137,10.300000190734863,10.300000190734863,10.100000381469727,9.800000190734863,9.600000381469727,9.5,9.5,9.5,9.300000190734863,8.899999618530273,8.699999809265137,8.600000381469727,8.800000190734863,9.0,9.300000190734863,9.600000381469727,9.899999618530273,10.300000190734863,10.699999809265137,11.0,11.300000190734863,11.399999618530273,11.199999809265137,10.899999618530273,10.800000190734863,10.800000190734863,10.899999618530273,11.0,11.199999809265137,11.5,11.5,11.100000381469727
10.5,10.199999809265137,10.100000381469727,10.199999809265137,10.399999618530273,10.399999618530273,10.300000190734863,10.199999809265137,10.100000381469727,10.100000381469727,10.100000381469727,10.100000381469727,10.199999809265137,10.199999809265137,10.300000190734863,10.399999618530273,10.300000190734863,10.100000381469727,9.899999618530273,9.699999809265137,9.600000381469727,9.600000381469727,9.600000381469727,9.399999618530273,9.100000381469727,8.800000190734863,8.699999809265137,8.800000190734863,9.100000381469727,9.300000190734863,9.699999809265137,10.0,10.399999618530273,10.699999809265137,11.0,11.199999809265137,11.300000190734863,11.199999809265137,11.0,10.899999618530273,10.899999618530273,10.899999618530273,11.0,11.100000381469727,11.300000190734863,11.399999618530273,11.199999809265137
10.199999809265137,10.100000381469727,10.100000381469727,10.300000190734863,10.399999618530273,10.399999618530273,10.300000190734863,10.199999809265137,10.100000381469727,10.100000381469727,10.100000381469727,10.100000381469727,10.199999809265137,10.300000190734863,10.300000190734863,10.399999618530273,10.300000190734863,10.100000381469727,9.899999618530273,9.699999809265137,9.699999809265137,9.699999809265137,9.699999809265137,9.5,9.199999809265137,9.0,8.800000190734863,8.899999618530273,9.100000381469727,9.399999618530273,9.699999809265137,10.100000381469727,10.5,10.800000190734863,11.0,11.100000381469727,11.300000190734863,11.300000190734863,11.100000381469727,11.0,10.899999618530273,11.0,11.100000381469727,11.100000381469727,11.199999809265137,11.300000190734863,11.199999809265137
10.0,10.0,10.100000381469727,10.300000190734863,10.5,10.5,10.399999618530273,10.199999809265137,10.100000381469727,10.100000381469727,10.100000381469727,10.100000381469727,10.199999809265137,10.300000190734863,10.399999618530273,10.399999618530273,10.300000190734863,10.100000381469727,10.0,9.800000190734863,9.699999809265137,9.699999809265137,9.699999809265137,9.600000381469727,9.300000190734863,9.100000381469727,8.899999618530273,8.899999618530273,9.100000381469727,9.399999618530273,9.800000190734863,10.300000190734863,10.600000381469727,10.800000190734863,10.899999618530273,11.100000381469727,11.300000190734863,11.300000190734863,11.199999809265137,11.0,11.0,11.0,11.100000381469727,11.100000381469727,11.100000381469727,11.100000381469727,11.100000381469727
10.0,9.899999618530273,10.0,10.399999618530273,10.600000381469727,10.600000381469727,10.399999618530273,10.199999809265137,10.100000381469727,10.100000381469727,10.100000381469727,10.100000381469727,10.100000381469727,10.199999809265137,10.300000190734863,10.399999618530273,10.300000190734863,10.199999809265137,10.0,9.899999618530273,9.800000190734863,9.800000190734863,9.699999809265137,9.600000381469727,9.5,9.199999809265137,9.0,8.899999618530273,9.100000381469727,9.5,9.899999618530273,10.300000190734863,10.600000381469727,10.800000190734863,11.0,11.100000381469727,11.199999809265137,11.300000190734863,11.199999809265137,11.100000381469727,11.0,11.0,11.0,11.0,11.0,11.0,11.0
10.0,9.899999618530273,10.300000190734863,10.600000381469727,10.800000190734863,10.800000190734863,10.600000381469727,10.300000190734863,10.100000381469727,10.100000381469727,10.100000381469727,10.100000381469727,10.100000381469727,10.199999809265137,10.300000190734863,10.399999618530273,10.300000190734863,10.100000381469727,10.0,9.899999618530273,9.899999618530273,9.800000190734863,9.699999809265137,9.699999809265137,9.5,9.300000190734863,9.0,9.0,9.100000381469727,9.5,10.0,10.399999618530273,10.600000381469727,10.899999618530273,11.100000381469727,11.100000381469727,11.199999809265137,11.199999809265137,11.199999809265137,11.100000381469727,11.0,11.0,11.0,11.0,10.899999618530273,10.899999618530273,10.800000190734863
10.0,10.100000381469727,10.600000381469727,11.100000381469727,11.100000381469727,11.100000381469727,10.800000190734863,10.5,10.300000190734863,10.199999809265137,10.199999809265137,10.199999809265137,10.100000381469727,10.199999809265137,10.399999618530273,10.399999618530273,10.300000190734863,10.100000381469727,10.0,10.0,10.0,9.899999618530273,9.800000190734863,9.699999809265137,9.600000381469727,9.399999618530273,9.100000381469727,9.0,9.199999809265137,9.600000381469727,10.0,10.300000190734863,10.600000381469727,10.899999618530273,11.100000381469727,11.100000381469727,11.100000381469727,11.199999809265137,11.100000381469727,11.100000381469727,11.0,11.0,11.0,11.0,10.899999618530273,10.800000190734863,10.699999809265137
10.0,9.300000190734863,9.600000381469727,10.300000190734863,11.100000381469727,11.199999809265137,11.0,10.699999809265137,10.5,10.5,10.5,10.300000190734863,10.199999809265137,10.199999809265137,10.399999618530273,10.5,10.399999618530273,10.100000381469727,10.0,10.0,10.0,9.899999618530273,9.800000190734863,9.699999809265137,9.600000381469727,9.5,9.300000190734863,9.199999809265137,9.300000190734863,9.600000381469727,9.899999618530273,10.300000190734863,10.600000381469727,10.899999618530273,11.100000381469727,11.100000381469727,11.100000381469727,11.100000381469727,11.100000381469727,11.100000381469727,11.0,11.0,11.0,11.0,10.899999618530273,10.699999809265137,10.5
8.399999618530273,7.900000095367432,8.600000381469727,9.399999618530273,10.699999809265137,11.199999809265137,11.100000381469727,10.899999618530273,10.800000190734863,10.899999618530273,10.800000190734863,10.5,10.300000190734863,10.300000190734863,10.5,10.5,10.399999618530273,10.100000381469727,10.0,10.0,10.0,9.899999618530273,9.800000190734863,9.699999809265137,9.600000381469727,9.5,9.399999618530273,9.300000190734863,9.399999618530273,9.600000381469727,9.899999618530273,10.199999809265137,10.600000381469727,10.899999618530273,11.0,11.0,11.0,11.100000381469727,11.199999809265137,11.100000381469727,11.0,11.0,11.0,11.0,10.800000190734863,10.600000381469727,10.399999618530273
7.099999904632568,7.0,7.900000095367432,8.699999809265137,9.899999618530273,10.699999809265137,10.899999618530273,10.899999618530273,11.0,11.199999809265137,11.0,10.600000381469727,10.399999618530273,10.399999618530273,10.5,10.5,10.399999618530273,10.100000381469727,10.0,10.0,10.0,9.899999618530273,9.800000190734863,9.699999809265137,9.600000381469727,9.600000381469727,9.600000381469727,9.5,9.5,9.600000381469727,9.800000190734863,10.100000381469727,10.5,10.800000190734863,10.899999618530273,11.0,11.0,11.100000381469727,11.199999809265137,11.100000381469727,11.0,11.0,11.100000381469727,11.100000381469727,10.800000190734863,10.5,10.300000190734863
6.5,7.0,8.0,9.600000381469727,10.199999809265137,10.600000381469727,10.699999809265137,10.800000190734863,11.100000381469727,11.300000190734863,11.100000381469727,10.699999809265137,10.5,10.5,10.600000381469727,10.5,10.399999618530273,10.199999809265137,10.0,10.0,10.0,10.0,9.899999618530273,9.699999809265137,9.600000381469727,9.600000381469727,9.699999809265137,9.699999809265137,9.600000381469727,9.600000381469727,9.699999809265137,10.100000381469727,10.399999618530273,10.699999809265137,10.899999618530273,11.0,11.100000381469727,11.199999809265137,11.300000190734863,11.199999809265137,11.0,11.0,11.100000381469727,11.0,10.800000190734863,10.399999618530273,10.100000381469727
6.199999809265137,6.599999904632568,7.599999904632568,8.800000190734863,10.0,10.399999618530273,10.5,10.699999809265137,11.0,11.300000190734863,11.100000381469727,10.699999809265137,10.5,10.600000381469727,10.600000381469727,10.5,10.399999618530273,10.199999809265137,10.100000381469727,10.100000381469727,10.0,10.0,9.899999618530273,9.699999809265137,9.600000381469727,9.600000381469727,9.699999809265137,9.699999809265137,9.600000381469727,9.600000381469727,9.699999809265137,10.100000381469727,10.399999618530273,10.600000381469727,10.800000190734863,11.0,11.199999809265137,11.300000190734863,11.399999618530273,11.199999809265137,11.0,11.0,11.100000381469727,11.0,10.699999809265137,10.300000190734863,10.0
6.199999809265137,6.5,7.099999904632568,7.800000190734863,9.100000381469727,10.0,10.399999618530273,10.699999809265137,11.0,11.199999809265137,11.100000381469727,10.600000381469727,10.399999618530273,10.5,10.600000381469727,10.600000381469727,10.5,10.399999618530273,10.300000190734863,10.100000381469727,10.100000381469727,10.0,9.899999618530273,9.699999809265137,9.600000381469727,9.600000381469727,9.699999809265137,9.699999809265137,9.600000381469727,9.600000381469727,9.800000190734863,10.100000381469727,10.399999618530273,10.600000381469727,10.800000190734863,11.0,11.199999809265137,11.399999618530273,11.399999618530273,11.199999809265137,11.0,11.0,11.0,10.899999618530273,10.600000381469727,10.199999809265137,9.899999618530273
