data_weather/step_18.json
{"header": {"nx": 220, "ny": 225, "lo1": 11.000000000000096, "la1": 39.480000000000906, "lo2": 16.475000000000172, "la2": 35.000000000000206, "dx": 0.025000000000000355, "dy": 0.020000000000003126, "refTime": "2026-02-04T06:00:00.000Z", "parameterCategory": 2, "parameterNumber": 2}, "data":
[rows 105 to 125 of 225, columns 0 to 45 of 220]
11.0,11.100000381469727,11.100000381469727,10.899999618530273,10.600000381469727,10.5,10.600000381469727,10.800000190734863,10.600000381469727,10.300000190734863,10.199999809265137,10.399999618530273,10.5,10.5,10.5,10.399999618530273,10.300000190734863,10.199999809265137,10.100000381469727,10.0,9.800000190734863,9.5,9.399999618530273,9.5,9.600000381469727,9.699999809265137,9.899999618530273,10.199999809265137,10.5,10.800000190734863,11.100000381469727,11.5,11.800000190734863,11.5,11.0,10.5,10.5,10.899999618530273,11.399999618530273,11.300000190734863,10.100000381469727,8.0,5.0,2.200000047683716,0.20000000298023224,-0.699999988079071
11.300000190734863,11.399999618530273,11.300000190734863,11.100000381469727,11.0,10.800000190734863,11.0,10.899999618530273,10.699999809265137,10.399999618530273,10.300000190734863,10.399999618530273,10.5,10.5,10.5,10.399999618530273,10.300000190734863,10.199999809265137,10.100000381469727,10.199999809265137,10.0,9.800000190734863,9.600000381469727,9.5,9.600000381469727,9.699999809265137,9.800000190734863,10.100000381469727,10.399999618530273,10.699999809265137,11.100000381469727,11.600000381469727,11.699999809265137,11.600000381469727,11.199999809265137,10.699999809265137,10.5,10.899999618530273,11.399999618530273,11.600000381469727,11.100000381469727,10.0,7.699999809265137,4.599999904632568,1.899999976158142,0.30000001192092896
11.399999618530273,11.399999618530273,11.399999618530273,11.300000190734863,11.100000381469727,11.199999809265137,11.300000190734863,11.300000190734863,11.100000381469727,10.699999809265137,10.399999618530273,10.5,10.600000381469727,10.5,10.399999618530273,10.399999618530273,10.300000190734863,10.199999809265137,10.199999809265137,10.300000190734863,10.199999809265137,10.0,9.800000190734863,9.600000381469727,9.600000381469727,9.600000381469727,9.800000190734863,10.0,10.300000190734863,10.600000381469727,11.100000381469727,11.399999618530273,11.600000381469727,11.600000381469727,11.300000190734863,10.899999618530273,10.5,10.699999809265137,11.300000190734863,11.600000381469727,11.5,11.0,9.800000190734863,7.699999809265137,4.599999904632568,2.0999999046325684
11.300000190734863,11.300000190734863,11.399999618530273,11.300000190734863,11.199999809265137,11.100000381469727,11.199999809265137,11.300000190734863,11.199999809265137,10.899999618530273,10.600000381469727,10.600000381469727,10.600000381469727,10.699999809265137,10.5,10.399999618530273,10.399999618530273,10.300000190734863,10.199999809265137,10.300000190734863,10.399999618530273,10.199999809265137,10.0,9.800000190734863,9.600000381469727,9.600000381469727,9.699999809265137,10.0,10.199999809265137,10.600000381469727,11.0,11.300000190734863,11.5,11.600000381469727,11.5,11.100000381469727,10.699999809265137,10.699999809265137,11.199999809265137,11.600000381469727,11.800000190734863,11.600000381469727,10.899999618530273,9.800000190734863,7.400000095367432,4.400000095367432
11.199999809265137,11.199999809265137,11.300000190734863,11.199999809265137,11.100000381469727,11.0,11.100000381469727,11.199999809265137,11.100000381469727,10.899999618530273,10.600000381469727,10.600000381469727,10.800000190734863,10.800000190734863,10.699999809265137,10.399999618530273,10.199999809265137,10.199999809265137,10.199999809265137,10.399999618530273,10.5,10.399999618530273,10.100000381469727,9.899999618530273,9.699999809265137,9.699999809265137,9.699999809265137,9.899999618530273,10.199999809265137,10.600000381469727,10.899999618530273,11.199999809265137,11.399999618530273,11.600000381469727,11.600000381469727,11.300000190734863,10.899999618530273,10.800000190734863,11.100000381469727,11.5,11.800000190734863,12.0,11.899999618530273,11.5,10.0,7.300000190734863
10.899999618530273,11.0,11.100000381469727,11.199999809265137,11.0,10.800000190734863,10.699999809265137,10.699999809265137,10.699999809265137,10.600000381469727,10.5,10.5,10.800000190734863,11.0,10.800000190734863,10.399999618530273,10.199999809265137,10.199999809265137,10.199999809265137,10.300000190734863,10.5,10.5,10.300000190734863,10.0,9.800000190734863,9.699999809265137,9.699999809265137,9.899999618530273,10.199999809265137,10.5,10.899999618530273,11.100000381469727,11.399999618530273,11.600000381469727,11.600000381469727,11.399999618530273,11.0,10.899999618530273,11.0,11.399999618530273,11.800000190734863,12.0,12.199999809265137,12.199999809265137,11.5,9.699999809265137
10.800000190734863,10.899999618530273,11.0,11.100000381469727,11.0,10.699999809265137,10.5,10.5,10.399999618530273,10.300000190734863,10.199999809265137,10.300000190734863,10.699999809265137,11.0,11.0,10.699999809265137,10.399999618530273,10.199999809265137,10.100000381469727,10.199999809265137,10.5,10.5,10.399999618530273,10.199999809265137,9.899999618530273,9.800000190734863,9.800000190734863,9.899999618530273,10.199999809265137,10.5,10.800000190734863,11.100000381469727,11.399999618530273,11.600000381469727,11.600000381469727,11.399999618530273,11.199999809265137,11.199999809265137,11.0,11.300000190734863,11.699999809265137,12.100000381469727,12.300000190734863,12.399999618530273,12.399999618530273,11.199999809265137
10.699999809265137,10.800000190734863,11.0,11.100000381469727,11.0,10.800000190734863,10.5,10.399999618530273,10.300000190734863,10.100000381469727,10.100000381469727,10.300000190734863,10.600000381469727,10.800000190734863,10.800000190734863,10.600000381469727,10.399999618530273,10.199999809265137,10.100000381469727,10.199999809265137,10.399999618530273,10.5,10.5,10.300000190734863,10.100000381469727,9.899999618530273,9.800000190734863,9.899999618530273,10.100000381469727,10.399999618530273,10.699999809265137,11.0,11.300000190734863,11.399999618530273,11.399999618530273,11.399999618530273,11.600000381469727,11.600000381469727,11.5,11.5,11.800000190734863,12.0,12.100000381469727,12.300000190734863,12.600000381469727,12.300000190734863
10.600000381469727,10.699999809265137,11.0,11.199999809265137,11.199999809265137,10.899999618530273,10.600000381469727,10.399999618530273,10.300000190734863,10.199999809265137,10.100000381469727,10.199999809265137,10.5,10.800000190734863,10.699999809265137,10.5,10.300000190734863,10.199999809265137,10.100000381469727,10.100000381469727,10.300000190734863,10.5,10.600000381469727,10.5,10.199999809265137,10.0,9.899999618530273,10.0,10.100000381469727,10.300000190734863,10.600000381469727,11.0,11.199999809265137,11.199999809265137,11.199999809265137,11.5,12.0,12.199999809265137,12.0,11.699999809265137,11.800000190734863,11.899999618530273,11.899999618530273,12.100000381469727,12.399999618530273,12.5
10.399999618530273,10.600000381469727,10.899999618530273,11.300000190734863,11.5,11.199999809265137,10.899999618530273,10.699999809265137,10.600000381469727,10.300000190734863,10.199999809265137,10.199999809265137,10.5,10.699999809265137,10.699999809265137,10.399999618530273,10.300000190734863,10.199999809265137,10.100000381469727,10.100000381469727,10.199999809265137,10.399999618530273,10.600000381469727,10.600000381469727,10.399999618530273,10.199999809265137,10.0,10.0,10.100000381469727,10.300000190734863,10.600000381469727,10.899999618530273,11.0,11.100000381469727,11.100000381469727,11.5,12.300000190734863,12.5,12.300000190734863,12.0,11.899999618530273,11.899999618530273,11.800000190734863,11.899999618530273,12.199999809265137,12.5
10.399999618530273,10.600000381469727,10.899999618530273,11.300000190734863,11.600000381469727,11.600000381469727,11.199999809265137,11.0,10.800000190734863,10.600000381469727,10.399999618530273,10.399999618530273,10.600000381469727,10.699999809265137,10.699999809265137,10.600000381469727,10.300000190734863,10.300000190734863,10.199999809265137,10.199999809265137,10.300000190734863,10.399999618530273,10.600000381469727,10.699999809265137,10.5,10.300000190734863,10.100000381469727,10.0,10.100000381469727,10.199999809265137,10.5,10.800000190734863,11.0,11.0,11.0,11.600000381469727,12.399999618530273,12.699999809265137,12.5,12.100000381469727,12.0,11.800000190734863,11.899999618530273,11.899999618530273,12.100000381469727,12.5
10.699999809265137,10.800000190734863,11.0,11.199999809265137,11.399999618530273,11.600000381469727,11.5,11.300000190734863,11.100000381469727,10.800000190734863,10.600000381469727,10.5,10.600000381469727,10.699999809265137,10.699999809265137,10.600000381469727,10.5,10.5,10.399999618530273,10.300000190734863,10.300000190734863,10.399999618530273,10.600000381469727,10.699999809265137,10.699999809265137,10.399999618530273,10.199999809265137,10.0,10.0,10.199999809265137,10.399999618530273,10.699999809265137,10.899999618530273,10.899999618530273,11.100000381469727,11.600000381469727,12.399999618530273,12.699999809265137,12.600000381469727,12.300000190734863,12.0,11.899999618530273,11.899999618530273,12.0,12.100000381469727,12.399999618530273
11.199999809265137,11.300000190734863,11.199999809265137,11.199999809265137,11.199999809265137,11.600000381469727,11.699999809265137,11.5,11.100000381469727,10.800000190734863,10.600000381469727,10.600000381469727,10.699999809265137,10.699999809265137,10.699999809265137,10.699999809265137,10.600000381469727,10.600000381469727,10.600000381469727,10.5,10.300000190734863,10.300000190734863,10.5,10.699999809265137,10.699999809265137,10.5,10.300000190734863,10.100000381469727,10.0,10.100000381469727,10.300000190734863,10.600000381469727,10.800000190734863,10.899999618530273,11.100000381469727,11.699999809265137,12.300000190734863,12.699999809265137,12.600000381469727,12.399999618530273,12.199999809265137,12.0,12.0,12.100000381469727,12.199999809265137,12.399999618530273
11.600000381469727,11.699999809265137,11.600000381469727,11.199999809265137,11.199999809265137,11.399999618530273,11.600000381469727,11.600000381469727,11.5,11.100000381469727,10.800000190734863,10.699999809265137,10.699999809265137,10.699999809265137,10.600000381469727,10.699999809265137,10.699999809265137,10.699999809265137,10.600000381469727,10.5,10.399999618530273,10.300000190734863,10.399999618530273,10.600000381469727,10.699999809265137,10.600000381469727,10.399999618530273,10.199999809265137,10.0,10.100000381469727,10.300000190734863,10.600000381469727,10.800000190734863,10.899999618530273,11.199999809265137,11.699999809265137,12.300000190734863,12.699999809265137,12.600000381469727,12.5,12.300000190734863,12.199999809265137,12.199999809265137,12.300000190734863,12.300000190734863,12.399999618530273
11.699999809265137,12.0,12.100000381469727,11.800000190734863,11.5,11.5,11.600000381469727,11.600000381469727,11.5,11.199999809265137,10.899999618530273,10.699999809265137,10.699999809265137,10.699999809265137,10.699999809265137,10.699999809265137,10.699999809265137,10.699999809265137,10.699999809265137,10.600000381469727,10.5,10.300000190734863,10.399999618530273,10.600000381469727,10.699999809265137,10.699999809265137,10.5,10.300000190734863,10.100000381469727,10.100000381469727,10.300000190734863,10.600000381469727,10.800000190734863,11.0,11.199999809265137,11.699999809265137,12.199999809265137,12.5,12.600000381469727,12.5,12.399999618530273,12.300000190734863,12.300000190734863,12.5,12.300000190734863,12.399999618530273
11.899999618530273,11.399999618530273,11.100000381469727,11.100000381469727,11.300000190734863,11.399999618530273,11.600000381469727,11.600000381469727,11.5,11.199999809265137,10.899999618530273,10.699999809265137,10.600000381469727,10.600000381469727,10.699999809265137,10.899999618530273,11.100000381469727,10.899999618530273,10.899999618530273,10.699999809265137,10.600000381469727,10.399999618530273,10.399999618530273,10.5,10.600000381469727,10.699999809265137,10.600000381469727,10.399999618530273,10.300000190734863,10.199999809265137,10.399999618530273,10.600000381469727,10.800000190734863,11.0,11.300000190734863,11.699999809265137,12.100000381469727,12.399999618530273,12.5,12.5,12.5,12.399999618530273,12.5,12.600000381469727,12.399999618530273,12.300000190734863
10.199999809265137,9.800000190734863,9.800000190734863,10.100000381469727,10.800000190734863,11.100000381469727,11.5,11.699999809265137,11.699999809265137,11.399999618530273,11.100000381469727,10.800000190734863,10.600000381469727,10.5,10.600000381469727,10.899999618530273,11.199999809265137,11.300000190734863,11.100000381469727,10.899999618530273,10.699999809265137,10.5,10.399999618530273,10.399999618530273,10.600000381469727,10.699999809265137,10.699999809265137,10.600000381469727,10.399999618530273,10.399999618530273,10.399999618530273,10.600000381469727,10.800000190734863,11.0,11.300000190734863,11.699999809265137,12.0,12.199999809265137,12.300000190734863,12.399999618530273,12.5,12.600000381469727,12.699999809265137,12.699999809265137,12.5,12.300000190734863
8.699999809265137,8.600000381469727,9.0,9.399999618530273,10.0,10.5,11.100000381469727,11.600000381469727,11.899999618530273,11.800000190734863,11.399999618530273,11.0,10.600000381469727,10.5,10.5,10.800000190734863,11.100000381469727,11.300000190734863,11.199999809265137,11.100000381469727,10.899999618530273,10.699999809265137,10.5,10.5,10.600000381469727,10.699999809265137,10.699999809265137,10.699999809265137,10.600000381469727,10.600000381469727,10.600000381469727,10.699999809265137,10.899999618530273,11.100000381469727,11.399999618530273,11.699999809265137,12.0,12.0,12.100000381469727,12.199999809265137,12.399999618530273,12.600000381469727,12.800000190734863,12.699999809265137,12.600000381469727,12.300000190734863
8.0,8.300000190734863,9.100000381469727,10.399999618530273,10.5,10.5,11.0,11.699999809265137,12.100000381469727,12.100000381469727,11.699999809265137,11.300000190734863,10.800000190734863,10.5,10.399999618530273,10.600000381469727,10.899999618530273,11.199999809265137,11.300000190734863,11.199999809265137,11.100000381469727,10.899999618530273,10.600000381469727,10.5,10.5,10.699999809265137,10.800000190734863,10.800000190734863,10.800000190734863,10.800000190734863,10.800000190734863,10.800000190734863,10.899999618530273,11.199999809265137,11.5,11.800000190734863,11.899999618530273,11.800000190734863,11.899999618530273,12.100000381469727,12.300000190734863,12.600000381469727,12.699999809265137,12.800000190734863,12.699999809265137,12.399999618530273
7.400000095367432,7.900000095367432,8.5,9.5,10.199999809265137,10.399999618530273,10.899999618530273,11.699999809265137,12.199999809265137,12.300000190734863,12.0,11.5,11.100000381469727,10.699999809265137,10.5,10.399999618530273,10.699999809265137,11.0,11.300000190734863,11.300000190734863,11.300000190734863,11.100000381469727,10.800000190734863,10.600000381469727,10.5,10.600000381469727,10.800000190734863,10.899999618530273,11.0,10.899999618530273,10.899999618530273,10.899999618530273,11.0,11.300000190734863,11.600000381469727,11.800000190734863,11.800000190734863,11.699999809265137,11.699999809265137,11.899999618530273,12.199999809265137,12.5,12.600000381469727,12.800000190734863,12.800000190734863,12.699999809265137
7.199999809265137,7.5,7.900000095367432,8.199999809265137,9.300000190734863,10.100000381469727,10.800000190734863,11.5,12.100000381469727,12.300000190734863,12.199999809265137,11.800000190734863,11.399999618530273,10.899999618530273,10.600000381469727,10.399999618530273,10.5,10.800000190734863,11.100000381469727,11.300000190734863,11.300000190734863,11.199999809265137,11.0,10.699999809265137,10.600000381469727,10.600000381469727,10.800000190734863,11.0,11.0,11.0,11.0,11.0,11.100000381469727,11.300000190734863,11.600000381469727,11.800000190734863,11.800000190734863,11.699999809265137,11.699999809265137,11.800000190734863,12.0,12.300000190734863,12.5,12.699999809265137,12.899999618530273,12.899999618530273
